duration: [30, 50, 70, 90, 150]
step size: [1.0, 0.3, 0.2, 0.1, 0.01, 0.001]
included time steps: [1, 10, 20, 90, 100, 1000]
iterations: 10
runtime: [[[[2.126e-03 1.510e-01 3.033e-01 4.566e-01 6.123e-01 7.619e-01
    9.219e-01 1.073e+00 1.225e+00 1.377e+00 1.526e+00]
   [1.714e-03 1.786e-01 3.580e-01 5.389e-01 7.229e-01 9.232e-01
    1.101e+00 1.277e+00 1.460e+00 1.644e+00 1.820e+00]
   [1.565e-03 2.215e-01 4.286e-01 6.522e-01 8.752e-01 1.091e+00
    1.303e+00 1.515e+00 1.729e+00 1.948e+00 2.161e+00]
   [1.601e-03 4.051e-01 8.117e-01 1.242e+00 1.738e+00 2.144e+00
    2.574e+00 2.980e+00 3.384e+00 3.799e+00 4.206e+00]
   [1.426e-03 4.222e-01 8.878e-01 1.311e+00 1.760e+00 2.190e+00
    2.630e+00 3.064e+00 3.488e+00 3.917e+00 4.372e+00]
   [1.890e-03 6.908e-01 1.343e+00 1.991e+00 2.636e+00 3.360e+00
    4.008e+00 4.679e+00 5.330e+00 5.974e+00 6.636e+00]]

  [[1.633e-03 1.495e-01 3.030e-01 4.462e-01 5.934e-01 7.380e-01
    8.915e-01 1.034e+00 1.182e+00 1.326e+00 1.477e+00]
   [1.767e-03 1.795e-01 3.582e-01 5.456e-01 7.263e-01 9.035e-01
    1.086e+00 1.263e+00 1.442e+00 1.615e+00 1.794e+00]
   [2.220e-03 2.287e-01 4.563e-01 6.648e-01 8.797e-01 1.092e+00
    1.318e+00 1.543e+00 1.759e+00 1.987e+00 2.201e+00]
   [2.863e-03 4.112e-01 8.172e-01 1.289e+00 1.737e+00 2.179e+00
    2.639e+00 3.096e+00 3.625e+00 4.057e+00 4.486e+00]
   [1.580e-03 4.583e-01 9.024e-01 1.364e+00 1.837e+00 2.308e+00
    2.761e+00 3.211e+00 3.659e+00 4.106e+00 4.555e+00]
   [1.862e-03 8.617e-01 1.902e+00 2.707e+00 3.474e+00 4.257e+00
    5.052e+00 5.776e+00 6.624e+00 7.346e+00 8.135e+00]]

  [[1.929e-03 1.646e-01 3.481e-01 5.175e-01 6.843e-01 8.401e-01
    1.010e+00 1.185e+00 1.363e+00 1.530e+00 1.692e+00]
   [1.558e-03 1.950e-01 4.331e-01 6.967e-01 9.149e-01 1.185e+00
    1.446e+00 1.680e+00 1.920e+00 2.154e+00 2.500e+00]
   [2.558e-03 3.083e-01 5.670e-01 8.015e-01 1.046e+00 1.312e+00
    1.578e+00 1.820e+00 2.050e+00 2.288e+00 2.526e+00]
   [2.782e-03 4.312e-01 8.571e-01 1.283e+00 1.708e+00 2.140e+00
    2.566e+00 2.999e+00 3.441e+00 3.867e+00 4.297e+00]
   [1.500e-03 4.489e-01 9.002e-01 1.343e+00 1.795e+00 2.245e+00
    2.694e+00 3.163e+00 3.614e+00 4.065e+00 4.515e+00]
   [1.552e-03 6.952e-01 1.371e+00 2.052e+00 2.739e+00 3.465e+00
    4.168e+00 4.964e+00 5.664e+00 6.381e+00 7.119e+00]]

  [[1.803e-03 2.158e-01 4.155e-01 6.158e-01 8.025e-01 1.058e+00
    1.256e+00 1.448e+00 1.623e+00 1.791e+00 1.947e+00]
   [1.797e-03 1.963e-01 3.912e-01 5.847e-01 7.810e-01 9.822e-01
    1.182e+00 1.381e+00 1.636e+00 1.885e+00 2.096e+00]
   [2.818e-03 2.449e-01 4.862e-01 7.198e-01 9.560e-01 1.186e+00
    1.413e+00 1.638e+00 1.867e+00 2.096e+00 2.324e+00]
   [1.625e-03 4.291e-01 8.567e-01 1.279e+00 1.704e+00 2.157e+00
    2.589e+00 3.085e+00 3.539e+00 4.067e+00 4.530e+00]
   [1.625e-03 4.970e-01 9.572e-01 1.412e+00 1.868e+00 2.336e+00
    2.817e+00 3.269e+00 3.724e+00 4.186e+00 4.678e+00]
   [2.431e-03 7.052e-01 1.433e+00 2.121e+00 2.824e+00 3.558e+00
    4.253e+00 4.933e+00 5.620e+00 6.301e+00 7.008e+00]]

  [[1.714e-03 1.632e-01 3.246e-01 4.778e-01 6.338e-01 7.853e-01
    9.425e-01 1.090e+00 1.246e+00 1.400e+00 1.557e+00]
   [1.711e-03 1.938e-01 3.822e-01 5.673e-01 7.592e-01 9.502e-01
    1.142e+00 1.333e+00 1.524e+00 1.713e+00 1.908e+00]
   [1.634e-03 2.347e-01 4.631e-01 7.002e-01 9.371e-01 1.188e+00
    1.450e+00 1.696e+00 1.926e+00 2.173e+00 2.582e+00]
   [3.182e-03 5.340e-01 9.901e-01 1.421e+00 1.882e+00 2.378e+00
    2.862e+00 3.299e+00 3.733e+00 4.163e+00 4.590e+00]
   [2.712e-03 4.588e-01 9.095e-01 1.364e+00 1.814e+00 2.295e+00
    2.744e+00 3.192e+00 3.645e+00 4.098e+00 4.552e+00]
   [2.631e-03 7.031e-01 1.391e+00 2.088e+00 2.788e+00 3.591e+00
    4.600e+00 5.383e+00 6.139e+00 6.860e+00 7.566e+00]]

  [[1.407e-03 1.572e-01 3.158e-01 4.693e-01 6.275e-01 7.827e-01
    9.444e-01 1.101e+00 1.257e+00 1.413e+00 1.572e+00]
   [1.726e-03 1.948e-01 3.896e-01 5.822e-01 7.754e-01 9.656e-01
    1.158e+00 1.356e+00 1.548e+00 1.745e+00 1.935e+00]
   [1.653e-03 2.363e-01 4.676e-01 6.995e-01 9.308e-01 1.159e+00
    1.388e+00 1.624e+00 1.855e+00 2.085e+00 2.318e+00]
   [2.677e-03 4.696e-01 9.523e-01 1.404e+00 1.850e+00 2.326e+00
    2.796e+00 3.235e+00 3.681e+00 4.112e+00 4.562e+00]
   [1.400e-03 4.684e-01 9.332e-01 1.396e+00 1.854e+00 2.318e+00
    2.774e+00 3.238e+00 3.698e+00 4.163e+00 4.631e+00]
   [1.669e-03 8.338e-01 1.670e+00 2.465e+00 3.258e+00 4.050e+00
    4.842e+00 5.588e+00 6.289e+00 6.993e+00 7.784e+00]]]


 [[[3.063e-03 2.557e-01 4.998e-01 7.450e-01 1.007e+00 1.265e+00
    1.526e+00 1.775e+00 2.022e+00 2.278e+00 2.526e+00]
   [2.173e-03 3.043e-01 6.091e-01 9.091e-01 1.207e+00 1.502e+00
    1.799e+00 2.100e+00 2.398e+00 2.693e+00 2.990e+00]
   [2.392e-03 3.574e-01 7.107e-01 1.068e+00 1.427e+00 1.782e+00
    2.139e+00 2.493e+00 2.845e+00 3.202e+00 3.555e+00]
   [2.230e-03 7.014e-01 1.391e+00 2.097e+00 2.797e+00 3.488e+00
    4.190e+00 4.887e+00 5.578e+00 6.272e+00 6.992e+00]
   [2.268e-03 9.329e-01 1.712e+00 2.526e+00 3.340e+00 4.380e+00
    5.151e+00 5.933e+00 6.789e+00 7.570e+00 8.372e+00]
   [2.933e-03 1.731e+00 3.516e+00 5.387e+00 7.167e+00 8.984e+00
    1.085e+01 1.272e+01 1.459e+01 1.651e+01 1.831e+01]]

  [[3.561e-03 2.684e-01 5.357e-01 7.976e-01 1.072e+00 1.347e+00
    1.614e+00 1.883e+00 2.151e+00 2.419e+00 2.693e+00]
   [4.094e-03 4.228e-01 8.897e-01 1.241e+00 1.700e+00 2.044e+00
    2.371e+00 2.708e+00 3.057e+00 3.375e+00 3.711e+00]
   [3.598e-03 5.737e-01 1.136e+00 1.554e+00 1.969e+00 2.512e+00
    3.059e+00 3.479e+00 3.884e+00 4.326e+00 4.725e+00]
   [2.574e-03 7.582e-01 1.514e+00 2.313e+00 3.321e+00 4.099e+00
    5.094e+00 6.114e+00 7.122e+00 7.986e+00 8.809e+00]
   [2.917e-03 8.425e-01 1.725e+00 2.611e+00 3.816e+00 4.734e+00
    5.608e+00 6.435e+00 7.337e+00 8.212e+00 9.277e+00]
   [3.833e-03 1.960e+00 3.789e+00 5.629e+00 7.478e+00 9.360e+00
    1.136e+01 1.328e+01 1.509e+01 1.715e+01 1.921e+01]]

  [[2.377e-03 2.986e-01 5.842e-01 8.864e-01 1.244e+00 1.564e+00
    1.856e+00 2.159e+00 2.435e+00 2.715e+00 3.002e+00]
   [3.666e-03 3.369e-01 6.706e-01 9.874e-01 1.312e+00 1.639e+00
    1.991e+00 2.313e+00 2.643e+00 2.968e+00 3.285e+00]
   [2.428e-03 3.948e-01 7.809e-01 1.166e+00 1.551e+00 1.932e+00
    2.314e+00 2.707e+00 3.088e+00 3.469e+00 3.855e+00]
   [2.524e-03 7.596e-01 1.508e+00 2.263e+00 3.013e+00 3.785e+00
    4.600e+00 5.381e+00 6.112e+00 6.843e+00 7.590e+00]
   [2.341e-03 7.906e-01 1.574e+00 2.351e+00 3.130e+00 3.945e+00
    4.719e+00 5.500e+00 6.284e+00 7.068e+00 7.857e+00]
   [2.484e-03 1.821e+00 3.589e+00 5.512e+00 7.392e+00 9.314e+00
    1.118e+01 1.299e+01 1.484e+01 1.666e+01 1.851e+01]]

  [[2.330e-03 2.814e-01 5.549e-01 8.394e-01 1.114e+00 1.380e+00
    1.646e+00 1.926e+00 2.241e+00 2.510e+00 2.776e+00]
   [2.518e-03 3.329e-01 6.540e-01 9.948e-01 1.324e+00 1.642e+00
    1.966e+00 2.290e+00 2.611e+00 2.936e+00 3.264e+00]
   [2.612e-03 3.848e-01 7.643e-01 1.150e+00 1.546e+00 1.927e+00
    2.310e+00 2.734e+00 3.185e+00 3.685e+00 4.152e+00]
   [3.784e-03 9.561e-01 1.759e+00 2.572e+00 3.453e+00 4.224e+00
    4.980e+00 5.764e+00 6.669e+00 7.469e+00 8.238e+00]
   [2.391e-03 8.299e-01 1.659e+00 2.440e+00 3.296e+00 4.121e+00
    4.955e+00 5.809e+00 6.701e+00 7.568e+00 8.380e+00]
   [3.492e-03 1.794e+00 3.512e+00 5.304e+00 7.110e+00 8.987e+00
    1.109e+01 1.306e+01 1.485e+01 1.707e+01 1.897e+01]]

  [[3.363e-03 2.794e-01 6.641e-01 9.666e-01 1.254e+00 1.532e+00
    1.810e+00 2.096e+00 2.379e+00 2.643e+00 2.905e+00]
   [2.746e-03 3.305e-01 6.547e-01 9.790e-01 1.297e+00 1.618e+00
    1.976e+00 2.293e+00 2.623e+00 2.949e+00 3.283e+00]
   [2.384e-03 3.952e-01 7.830e-01 1.172e+00 1.563e+00 1.941e+00
    2.319e+00 2.709e+00 3.091e+00 3.472e+00 3.857e+00]
   [2.565e-03 7.624e-01 1.509e+00 2.262e+00 3.029e+00 3.794e+00
    4.547e+00 5.310e+00 6.127e+00 6.894e+00 7.659e+00]
   [2.984e-03 8.472e-01 1.660e+00 2.463e+00 3.263e+00 4.080e+00
    4.887e+00 5.692e+00 6.499e+00 7.311e+00 8.118e+00]
   [2.468e-03 1.914e+00 3.700e+00 5.464e+00 7.244e+00 8.988e+00
    1.075e+01 1.251e+01 1.431e+01 1.607e+01 1.783e+01]]

  [[3.121e-03 2.754e-01 5.455e-01 8.983e-01 1.287e+00 1.668e+00
    2.271e+00 2.610e+00 2.917e+00 3.209e+00 3.635e+00]
   [4.020e-03 4.259e-01 7.646e-01 1.089e+00 1.456e+00 1.947e+00
    2.398e+00 2.774e+00 3.102e+00 3.420e+00 3.754e+00]
   [2.503e-03 3.746e-01 7.469e-01 1.131e+00 1.558e+00 1.990e+00
    2.380e+00 2.780e+00 3.195e+00 3.568e+00 3.941e+00]
   [2.781e-03 7.970e-01 1.597e+00 2.717e+00 3.607e+00 4.424e+00
    5.171e+00 5.906e+00 6.684e+00 7.609e+00 8.469e+00]
   [2.898e-03 8.564e-01 1.701e+00 2.653e+00 3.925e+00 4.984e+00
    5.801e+00 6.626e+00 7.439e+00 8.372e+00 9.195e+00]
   [2.364e-03 2.090e+00 3.965e+00 5.785e+00 8.248e+00 1.008e+01
    1.187e+01 1.395e+01 1.602e+01 1.778e+01 1.964e+01]]]


 [[[4.984e-03 5.840e-01 9.890e-01 1.369e+00 1.727e+00 2.100e+00
    2.465e+00 2.843e+00 3.207e+00 3.571e+00 3.937e+00]
   [3.495e-03 4.552e-01 8.976e-01 1.358e+00 1.801e+00 2.244e+00
    2.694e+00 3.136e+00 3.586e+00 4.035e+00 4.480e+00]
   [4.138e-03 5.403e-01 1.073e+00 1.659e+00 2.286e+00 2.947e+00
    3.516e+00 4.051e+00 4.594e+00 5.120e+00 5.654e+00]
   [3.226e-03 1.177e+00 2.311e+00 3.529e+00 4.734e+00 5.958e+00
    7.097e+00 8.169e+00 9.311e+00 1.051e+01 1.177e+01]
   [3.505e-03 1.387e+00 2.593e+00 3.797e+00 4.929e+00 6.071e+00
    7.218e+00 8.397e+00 9.534e+00 1.068e+01 1.184e+01]
   [3.519e-03 3.345e+00 6.626e+00 1.014e+01 1.379e+01 1.708e+01
    2.047e+01 2.376e+01 2.704e+01 3.032e+01 3.360e+01]]

  [[3.301e-03 3.653e-01 7.316e-01 1.090e+00 1.450e+00 1.809e+00
    2.168e+00 2.525e+00 2.886e+00 3.244e+00 3.601e+00]
   [3.642e-03 4.474e-01 8.885e-01 1.332e+00 1.769e+00 2.211e+00
    2.652e+00 3.087e+00 3.528e+00 3.966e+00 4.412e+00]
   [3.191e-03 5.236e-01 1.047e+00 1.573e+00 2.096e+00 2.616e+00
    3.212e+00 3.741e+00 4.279e+00 4.859e+00 5.445e+00]
   [4.944e-03 1.326e+00 2.399e+00 3.460e+00 4.516e+00 5.578e+00
    6.642e+00 7.712e+00 8.860e+00 9.975e+00 1.108e+01]
   [3.565e-03 1.143e+00 2.282e+00 3.546e+00 4.688e+00 6.161e+00
    7.339e+00 8.481e+00 9.620e+00 1.078e+01 1.192e+01]
   [4.295e-03 3.305e+00 6.666e+00 1.008e+01 1.334e+01 1.659e+01
    1.983e+01 2.312e+01 2.642e+01 2.969e+01 3.298e+01]]

  [[3.913e-03 3.648e-01 7.273e-01 1.087e+00 1.466e+00 1.838e+00
    2.197e+00 2.558e+00 2.925e+00 3.286e+00 3.648e+00]
   [3.301e-03 5.102e-01 1.025e+00 1.520e+00 1.963e+00 2.408e+00
    2.894e+00 3.364e+00 3.831e+00 4.272e+00 4.720e+00]
   [4.300e-03 5.480e-01 1.081e+00 1.609e+00 2.139e+00 2.666e+00
    3.199e+00 3.726e+00 4.248e+00 4.782e+00 5.328e+00]
   [3.911e-03 1.078e+00 2.153e+00 3.217e+00 4.280e+00 5.347e+00
    6.426e+00 7.500e+00 8.564e+00 9.617e+00 1.068e+01]
   [4.445e-03 1.169e+00 2.314e+00 3.450e+00 4.575e+00 5.713e+00
    6.835e+00 8.140e+00 9.270e+00 1.055e+01 1.171e+01]
   [4.173e-03 3.650e+00 6.924e+00 1.035e+01 1.371e+01 1.767e+01
    2.189e+01 2.632e+01 3.023e+01 3.386e+01 3.730e+01]]

  [[4.050e-03 3.660e-01 7.238e-01 1.087e+00 1.455e+00 1.811e+00
    2.171e+00 2.530e+00 2.885e+00 3.247e+00 3.614e+00]
   [3.920e-03 4.421e-01 8.898e-01 1.338e+00 1.781e+00 2.221e+00
    2.665e+00 3.110e+00 3.566e+00 4.059e+00 4.525e+00]
   [3.253e-03 5.565e-01 1.084e+00 1.736e+00 2.371e+00 2.912e+00
    3.450e+00 4.337e+00 5.231e+00 5.776e+00 6.382e+00]
   [4.749e-03 1.180e+00 2.361e+00 3.436e+00 4.559e+00 5.671e+00
    6.863e+00 7.954e+00 9.008e+00 1.006e+01 1.118e+01]
   [4.599e-03 1.144e+00 2.268e+00 3.472e+00 4.776e+00 6.112e+00
    7.412e+00 8.553e+00 9.837e+00 1.102e+01 1.226e+01]
   [4.359e-03 3.519e+00 6.746e+00 9.952e+00 1.327e+01 1.692e+01
    2.024e+01 2.347e+01 2.670e+01 2.993e+01 3.317e+01]]

  [[3.018e-03 3.711e-01 7.310e-01 1.091e+00 1.449e+00 1.808e+00
    2.176e+00 2.543e+00 2.901e+00 3.261e+00 3.621e+00]
   [4.002e-03 4.556e-01 8.920e-01 1.331e+00 1.779e+00 2.219e+00
    2.651e+00 3.083e+00 3.517e+00 3.975e+00 4.408e+00]
   [3.202e-03 5.379e-01 1.061e+00 1.628e+00 2.228e+00 2.772e+00
    3.294e+00 3.824e+00 4.347e+00 4.877e+00 5.400e+00]
   [3.112e-03 1.139e+00 2.199e+00 3.249e+00 4.522e+00 5.723e+00
    6.792e+00 7.846e+00 8.915e+00 9.969e+00 1.104e+01]
   [4.194e-03 1.141e+00 2.319e+00 4.066e+00 5.230e+00 6.376e+00
    7.491e+00 8.648e+00 9.760e+00 1.088e+01 1.203e+01]
   [3.428e-03 3.339e+00 6.680e+00 9.974e+00 1.330e+01 1.655e+01
    1.976e+01 2.303e+01 2.635e+01 2.966e+01 3.293e+01]]

  [[4.463e-03 4.156e-01 8.243e-01 1.193e+00 1.563e+00 1.922e+00
    2.273e+00 2.630e+00 2.996e+00 3.350e+00 3.707e+00]
   [3.208e-03 4.481e-01 8.817e-01 1.337e+00 1.780e+00 2.230e+00
    2.670e+00 3.110e+00 3.546e+00 3.988e+00 4.441e+00]
   [3.317e-03 5.344e-01 1.089e+00 1.631e+00 2.157e+00 2.679e+00
    3.208e+00 3.740e+00 4.264e+00 4.789e+00 5.314e+00]
   [3.973e-03 1.195e+00 2.326e+00 3.418e+00 4.475e+00 5.522e+00
    6.573e+00 7.731e+00 8.956e+00 1.024e+01 1.135e+01]
   [4.337e-03 1.213e+00 2.402e+00 3.592e+00 4.724e+00 5.974e+00
    7.147e+00 8.349e+00 9.496e+00 1.064e+01 1.178e+01]
   [3.474e-03 3.912e+00 7.436e+00 1.111e+01 1.543e+01 1.895e+01
    2.280e+01 2.689e+01 3.101e+01 3.440e+01 3.809e+01]]]


 [[[5.935e-03 4.385e-01 8.829e-01 1.332e+00 1.779e+00 2.260e+00
    2.705e+00 3.150e+00 3.587e+00 4.042e+00 4.593e+00]
   [4.101e-03 6.845e-01 1.297e+00 2.140e+00 2.690e+00 3.255e+00
    3.790e+00 4.353e+00 4.902e+00 5.470e+00 6.042e+00]
   [4.002e-03 7.495e-01 1.524e+00 2.391e+00 3.078e+00 3.748e+00
    4.385e+00 5.023e+00 5.705e+00 6.372e+00 7.019e+00]
   [5.051e-03 1.375e+00 2.812e+00 4.141e+00 5.474e+00 6.766e+00
    8.085e+00 9.382e+00 1.075e+01 1.206e+01 1.338e+01]
   [4.510e-03 1.426e+00 2.801e+00 4.364e+00 5.881e+00 7.327e+00
    9.131e+00 1.115e+01 1.274e+01 1.432e+01 1.583e+01]
   [5.211e-03 5.418e+00 1.059e+01 1.803e+01 2.356e+01 2.953e+01
    3.482e+01 4.019e+01 4.751e+01 5.475e+01 6.080e+01]]

  [[4.893e-03 4.760e-01 9.242e-01 1.389e+00 1.848e+00 2.327e+00
    2.814e+00 3.464e+00 4.062e+00 4.703e+00 5.416e+00]
   [7.069e-03 7.619e-01 1.389e+00 2.018e+00 2.607e+00 3.262e+00
    3.992e+00 4.619e+00 5.441e+00 6.315e+00 6.998e+00]
   [4.700e-03 6.915e-01 1.426e+00 2.102e+00 2.783e+00 3.473e+00
    4.183e+00 5.001e+00 5.799e+00 6.533e+00 7.280e+00]
   [5.243e-03 1.565e+00 3.038e+00 4.650e+00 6.577e+00 8.030e+00
    9.444e+00 1.087e+01 1.246e+01 1.469e+01 1.649e+01]
   [4.194e-03 1.616e+00 3.098e+00 4.614e+00 6.142e+00 7.661e+00
    9.136e+00 1.062e+01 1.228e+01 1.378e+01 1.528e+01]
   [4.042e-03 5.415e+00 1.096e+01 1.646e+01 2.185e+01 2.740e+01
    3.270e+01 3.814e+01 4.347e+01 4.872e+01 5.404e+01]]

  [[4.837e-03 4.584e-01 9.023e-01 1.369e+00 1.882e+00 2.396e+00
    2.860e+00 3.307e+00 3.755e+00 4.201e+00 4.656e+00]
   [3.997e-03 5.469e-01 1.104e+00 1.637e+00 2.193e+00 2.735e+00
    3.296e+00 3.832e+00 4.393e+00 4.934e+00 5.486e+00]
   [3.837e-03 6.543e-01 1.307e+00 1.974e+00 2.632e+00 3.289e+00
    3.950e+00 4.605e+00 5.266e+00 5.922e+00 6.582e+00]
   [4.054e-03 1.347e+00 2.691e+00 4.036e+00 5.421e+00 6.794e+00
    8.206e+00 9.584e+00 1.096e+01 1.231e+01 1.370e+01]
   [4.426e-03 1.574e+00 3.121e+00 4.567e+00 6.011e+00 7.448e+00
    8.897e+00 1.037e+01 1.194e+01 1.342e+01 1.490e+01]
   [4.057e-03 5.288e+00 1.094e+01 1.642e+01 2.208e+01 2.786e+01
    3.311e+01 3.847e+01 4.370e+01 4.949e+01 5.486e+01]]

  [[5.137e-03 4.654e-01 9.361e-01 1.437e+00 2.049e+00 2.551e+00
    3.035e+00 3.958e+00 4.475e+00 5.089e+00 5.659e+00]
   [4.618e-03 7.462e-01 1.370e+00 2.004e+00 2.590e+00 3.217e+00
    3.954e+00 4.626e+00 5.214e+00 5.843e+00 6.529e+00]
   [5.505e-03 8.432e-01 1.888e+00 3.000e+00 3.743e+00 4.446e+00
    5.136e+00 5.801e+00 6.533e+00 7.258e+00 8.276e+00]
   [5.633e-03 1.737e+00 3.191e+00 4.583e+00 6.095e+00 7.704e+00
    9.082e+00 1.050e+01 1.198e+01 1.339e+01 1.483e+01]
   [5.001e-03 1.521e+00 3.008e+00 4.484e+00 5.951e+00 7.423e+00
    8.936e+00 1.082e+01 1.268e+01 1.448e+01 1.645e+01]
   [6.818e-03 6.048e+00 1.221e+01 1.767e+01 2.297e+01 2.894e+01
    3.450e+01 4.041e+01 4.614e+01 5.148e+01 5.721e+01]]

  [[4.381e-03 5.402e-01 1.055e+00 1.526e+00 1.995e+00 2.533e+00
    3.088e+00 3.594e+00 4.068e+00 4.533e+00 5.007e+00]
   [4.117e-03 5.841e-01 1.212e+00 1.788e+00 2.344e+00 2.893e+00
    3.447e+00 4.054e+00 4.652e+00 5.281e+00 5.866e+00]
   [4.848e-03 6.868e-01 1.421e+00 2.189e+00 2.878e+00 3.570e+00
    4.258e+00 5.051e+00 5.799e+00 6.593e+00 7.394e+00]
   [4.367e-03 1.412e+00 3.007e+00 4.428e+00 5.824e+00 7.177e+00
    8.539e+00 1.003e+01 1.140e+01 1.276e+01 1.424e+01]
   [4.594e-03 1.559e+00 3.024e+00 4.491e+00 5.923e+00 7.368e+00
    8.818e+00 1.026e+01 1.170e+01 1.318e+01 1.462e+01]
   [4.413e-03 5.198e+00 1.069e+01 1.654e+01 2.421e+01 2.960e+01
    3.689e+01 4.213e+01 4.788e+01 5.366e+01 5.914e+01]]

  [[5.274e-03 4.703e-01 9.573e-01 1.446e+00 1.919e+00 2.385e+00
    2.857e+00 3.332e+00 3.815e+00 4.287e+00 4.786e+00]
   [5.015e-03 6.521e-01 1.234e+00 1.807e+00 2.384e+00 2.945e+00
    3.512e+00 4.086e+00 4.661e+00 5.215e+00 5.787e+00]
   [3.933e-03 6.920e-01 1.404e+00 2.105e+00 2.793e+00 3.469e+00
    4.161e+00 4.848e+00 5.611e+00 6.579e+00 7.319e+00]
   [4.619e-03 1.646e+00 3.090e+00 4.509e+00 5.950e+00 7.360e+00
    8.756e+00 1.016e+01 1.156e+01 1.297e+01 1.440e+01]
   [4.292e-03 1.540e+00 3.052e+00 4.540e+00 6.055e+00 7.564e+00
    9.049e+00 1.069e+01 1.230e+01 1.376e+01 1.547e+01]
   [4.882e-03 5.913e+00 1.131e+01 1.661e+01 2.190e+01 2.768e+01
    3.300e+01 3.820e+01 4.392e+01 5.011e+01 5.617e+01]]]


 [[[6.117e-03 7.694e-01 1.519e+00 2.322e+00 3.182e+00 3.959e+00
    4.720e+00 5.841e+00 6.902e+00 7.743e+00 8.716e+00]
   [7.734e-03 1.027e+00 2.070e+00 3.016e+00 3.982e+00 5.120e+00
    6.109e+00 7.088e+00 8.018e+00 8.966e+00 9.986e+00]
   [1.002e-02 1.313e+00 2.571e+00 3.781e+00 5.114e+00 6.253e+00
    7.470e+00 8.658e+00 9.798e+00 1.096e+01 1.287e+01]
   [1.195e-02 3.956e+00 6.757e+00 9.919e+00 1.236e+01 1.549e+01
    1.802e+01 2.032e+01 2.277e+01 2.614e+01 2.846e+01]
   [5.981e-03 2.649e+00 5.993e+00 8.851e+00 1.160e+01 1.462e+01
    1.721e+01 1.981e+01 2.237e+01 2.494e+01 2.745e+01]
   [8.214e-03 1.328e+01 2.575e+01 3.971e+01 5.333e+01 6.761e+01
    8.317e+01 9.853e+01 1.124e+02 1.263e+02 1.401e+02]]

  [[7.522e-03 8.003e-01 1.694e+00 2.697e+00 3.513e+00 4.366e+00
    5.149e+00 6.113e+00 7.007e+00 8.169e+00 9.074e+00]
   [7.501e-03 9.884e-01 1.997e+00 2.944e+00 3.968e+00 4.899e+00
    5.958e+00 7.085e+00 8.043e+00 9.235e+00 1.044e+01]
   [7.622e-03 1.289e+00 2.433e+00 3.679e+00 4.885e+00 6.118e+00
    7.556e+00 8.846e+00 9.995e+00 1.124e+01 1.242e+01]
   [6.873e-03 2.407e+00 4.785e+00 7.135e+00 9.569e+00 1.196e+01
    1.466e+01 1.705e+01 1.935e+01 2.180e+01 2.433e+01]
   [7.481e-03 2.598e+00 5.440e+00 7.980e+00 1.081e+01 1.384e+01
    1.664e+01 1.950e+01 2.207e+01 2.528e+01 2.792e+01]
   [7.119e-03 1.346e+01 2.878e+01 4.238e+01 5.563e+01 6.927e+01
    8.387e+01 9.726e+01 1.112e+02 1.257e+02 1.396e+02]]

  [[8.386e-03 9.545e-01 1.841e+00 2.627e+00 3.440e+00 4.286e+00
    5.083e+00 5.878e+00 6.671e+00 7.450e+00 8.253e+00]
   [7.079e-03 1.017e+00 2.049e+00 3.110e+00 4.152e+00 5.168e+00
    6.179e+00 7.239e+00 8.307e+00 9.331e+00 1.034e+01]
   [7.376e-03 1.154e+00 2.473e+00 3.643e+00 4.780e+00 5.933e+00
    7.118e+00 8.464e+00 9.745e+00 1.088e+01 1.205e+01]
   [8.000e-03 2.514e+00 4.842e+00 7.162e+00 9.530e+00 1.197e+01
    1.455e+01 1.715e+01 1.949e+01 2.180e+01 2.413e+01]
   [6.972e-03 2.507e+00 4.966e+00 7.610e+00 1.028e+01 1.300e+01
    1.561e+01 1.843e+01 2.110e+01 2.361e+01 2.620e+01]
   [7.987e-03 1.375e+01 2.829e+01 4.187e+01 5.511e+01 6.834e+01
    8.361e+01 9.712e+01 1.119e+02 1.287e+02 1.437e+02]]

  [[7.832e-03 8.656e-01 1.962e+00 3.193e+00 4.245e+00 5.755e+00
    6.925e+00 7.763e+00 8.619e+00 9.721e+00 1.062e+01]
   [7.942e-03 1.017e+00 2.049e+00 3.025e+00 4.155e+00 5.205e+00
    6.333e+00 7.301e+00 8.282e+00 9.269e+00 1.032e+01]
   [7.937e-03 1.656e+00 2.879e+00 4.017e+00 5.157e+00 6.294e+00
    7.464e+00 8.630e+00 9.768e+00 1.110e+01 1.236e+01]
   [7.260e-03 2.373e+00 4.763e+00 7.357e+00 1.044e+01 1.294e+01
    1.538e+01 1.786e+01 2.018e+01 2.253e+01 2.490e+01]
   [7.055e-03 2.510e+00 6.306e+00 9.272e+00 1.247e+01 1.508e+01
    1.758e+01 2.031e+01 2.296e+01 2.549e+01 2.808e+01]
   [6.804e-03 1.347e+01 2.700e+01 4.064e+01 5.517e+01 6.949e+01
    8.249e+01 9.651e+01 1.098e+02 1.228e+02 1.356e+02]]

  [[7.162e-03 7.716e-01 1.518e+00 2.267e+00 3.023e+00 3.800e+00
    4.657e+00 5.458e+00 6.206e+00 6.963e+00 7.732e+00]
   [7.271e-03 9.224e-01 1.846e+00 2.775e+00 3.706e+00 4.640e+00
    5.690e+00 6.653e+00 7.594e+00 8.532e+00 9.478e+00]
   [7.240e-03 1.136e+00 2.254e+00 3.370e+00 4.568e+00 5.706e+00
    6.850e+00 7.962e+00 9.077e+00 1.028e+01 1.176e+01]
   [1.012e-02 3.529e+00 6.811e+00 9.214e+00 1.150e+01 1.385e+01
    1.623e+01 1.855e+01 2.084e+01 2.325e+01 2.556e+01]
   [7.262e-03 2.465e+00 5.146e+00 7.613e+00 1.029e+01 1.281e+01
    1.527e+01 1.777e+01 2.024e+01 2.269e+01 2.516e+01]
   [7.187e-03 1.344e+01 2.760e+01 4.024e+01 5.284e+01 6.554e+01
    7.809e+01 9.058e+01 1.031e+02 1.157e+02 1.285e+02]]

  [[8.128e-03 7.607e-01 1.519e+00 2.281e+00 3.057e+00 3.818e+00
    4.588e+00 5.356e+00 6.291e+00 7.160e+00 8.035e+00]
   [6.896e-03 1.040e+00 1.995e+00 2.976e+00 3.928e+00 4.948e+00
    5.937e+00 6.864e+00 7.803e+00 8.749e+00 9.683e+00]
   [6.923e-03 1.128e+00 2.254e+00 3.367e+00 4.489e+00 5.623e+00
    7.021e+00 8.150e+00 9.364e+00 1.048e+01 1.161e+01]
   [7.775e-03 2.363e+00 4.716e+00 7.290e+00 9.651e+00 1.195e+01
    1.431e+01 1.698e+01 2.010e+01 2.315e+01 2.554e+01]
   [7.284e-03 2.886e+00 5.461e+00 8.314e+00 1.147e+01 1.474e+01
    1.800e+01 2.074e+01 2.354e+01 2.616e+01 2.910e+01]
   [9.691e-03 1.394e+01 2.875e+01 4.473e+01 5.917e+01 7.250e+01
    8.523e+01 9.825e+01 1.115e+02 1.244e+02 1.374e+02]]]]
integrated cost: [[[[12.88  12.88  12.88  12.88  12.88  12.88  12.88  12.88  12.88
    12.88  12.88 ]
   [12.88   0.386  0.305  0.274  0.211  0.223  0.211  0.191  0.192
     0.188  0.186]
   [12.88   0.316  0.298  0.298  0.269  0.247  0.24   0.223  0.221
     0.216  0.214]
   [12.88   0.337  0.312  0.279  0.248  0.232  0.218  0.215  0.211
     0.192  0.173]
   [12.88   0.337  0.312  0.279  0.248  0.232  0.218  0.215  0.211
     0.192  0.174]
   [12.88   0.337  0.305  0.273  0.243  0.229  0.227  0.227  0.219
     0.205  0.182]]

  [[12.88  12.88  12.88  12.88  12.88  12.88  12.88  12.88  12.88
    12.88  12.88 ]
   [12.88   0.348  0.279  0.267  0.247  0.228  0.221  0.216  0.21
     0.207  0.204]
   [12.88   0.336  0.304  0.285  0.282  0.287  0.284  0.285  0.28
     0.278  0.272]
   [12.88   0.391  0.307  0.264  0.26   0.259  0.256  0.254  0.252
     0.243  0.238]
   [12.88   0.391  0.307  0.264  0.26   0.259  0.256  0.255  0.252
     0.243  0.238]
   [12.88   0.391  0.304  0.264  0.261  0.256  0.252  0.25   0.242
     0.238  0.232]]

  [[12.88  12.88  12.88  12.88  12.88  12.88  12.88  12.88  12.88
    12.88  12.88 ]
   [12.88   0.37   0.314  0.279  0.247  0.237  0.233  0.23   0.225
     0.222  0.221]
   [12.88   0.4    0.323  0.309  0.297  0.282  0.273  0.269  0.268
     0.266  0.264]
   [12.88   0.446  0.317  0.304  0.298  0.298  0.295  0.287  0.278
     0.271  0.268]
   [12.88   0.448  0.317  0.303  0.298  0.297  0.296  0.288  0.281
     0.272  0.268]
   [12.88   0.442  0.317  0.304  0.294  0.293  0.288  0.282  0.28
     0.274  0.269]]

  [[12.88  12.88  12.88  12.88  12.88  12.88  12.88  12.88  12.88
    12.88  12.88 ]
   [12.88   0.534  0.402  0.343  0.314  0.304  0.293  0.287  0.283
     0.28   0.278]
   [12.88   0.556  0.427  0.366  0.326  0.303  0.294  0.289  0.286
     0.284  0.283]
   [12.88   0.609  0.442  0.425  0.42   0.404  0.393  0.379  0.37
     0.366  0.362]
   [12.88   0.609  0.443  0.425  0.421  0.406  0.394  0.38   0.373
     0.367  0.364]
   [12.88   0.603  0.441  0.423  0.41   0.403  0.391  0.382  0.368
     0.361  0.356]]

  [[12.88  12.88  12.88  12.88  12.88  12.88  12.88  12.88  12.88
    12.88  12.88 ]
   [12.88   2.356  1.731  1.504  1.391  1.327  1.289  1.265  1.25
     1.241  1.234]
   [12.88   2.367  1.731  1.495  1.378  1.312  1.272  1.248  1.232
     1.222  1.216]
   [12.88   2.393  1.759  1.486  1.371  1.299  1.256  1.228  1.211
     1.2    1.193]
   [12.88   2.393  1.759  1.486  1.371  1.299  1.256  1.229  1.211
     1.2    1.193]
   [12.88   2.391  1.758  1.481  1.366  1.296  1.253  1.226  1.209
     1.198  1.191]]

  [[12.88  12.88  12.88  12.88  12.88  12.88  12.88  12.88  12.88
    12.88  12.88 ]
   [12.88  12.157 11.089  8.724  6.868  6.211  5.89   5.708  5.598
     5.529  5.485]
   [12.88  12.157 11.089  8.724  6.868  6.211  5.889  5.707  5.597
     5.528  5.484]
   [12.88  12.157 11.089  8.724  6.868  6.211  5.889  5.707  5.596
     5.527  5.482]
   [12.88  12.157 11.089  8.724  6.868  6.211  5.889  5.707  5.596
     5.527  5.482]
   [12.88  12.157 11.089  8.724  6.868  6.211  5.889  5.707  5.596
     5.527  5.482]]]


 [[[22.971 22.971 22.971 22.971 22.971 22.971 22.971 22.971 22.971
    22.971 22.971]
   [22.971  0.386  0.305  0.274  0.211  0.223  0.211  0.191  0.192
     0.188  0.186]
   [22.971  0.316  0.298  0.298  0.269  0.247  0.24   0.223  0.221
     0.216  0.214]
   [22.971  0.337  0.312  0.279  0.248  0.232  0.218  0.215  0.211
     0.192  0.173]
   [22.971  0.337  0.312  0.279  0.248  0.232  0.218  0.215  0.211
     0.192  0.174]
   [22.971  0.337  0.305  0.273  0.243  0.229  0.227  0.227  0.219
     0.205  0.182]]

  [[22.971 22.971 22.971 22.971 22.971 22.971 22.971 22.971 22.971
    22.971 22.971]
   [22.971  0.348  0.279  0.267  0.247  0.228  0.221  0.216  0.21
     0.207  0.204]
   [22.971  0.336  0.304  0.285  0.283  0.287  0.284  0.285  0.28
     0.278  0.272]
   [22.971  0.391  0.307  0.264  0.26   0.259  0.256  0.254  0.252
     0.243  0.238]
   [22.971  0.391  0.307  0.264  0.26   0.259  0.256  0.255  0.252
     0.243  0.238]
   [22.971  0.391  0.304  0.264  0.261  0.256  0.252  0.25   0.242
     0.238  0.232]]

  [[22.971 22.971 22.971 22.971 22.971 22.971 22.971 22.971 22.971
    22.971 22.971]
   [22.971  0.37   0.314  0.279  0.247  0.237  0.233  0.23   0.225
     0.223  0.221]
   [22.971  0.4    0.323  0.309  0.297  0.282  0.273  0.269  0.268
     0.266  0.264]
   [22.971  0.446  0.318  0.304  0.298  0.298  0.295  0.287  0.278
     0.271  0.268]
   [22.971  0.448  0.317  0.303  0.298  0.297  0.296  0.288  0.281
     0.272  0.268]
   [22.971  0.442  0.317  0.304  0.294  0.293  0.288  0.282  0.28
     0.275  0.27 ]]

  [[22.971 22.971 22.971 22.971 22.971 22.971 22.971 22.971 22.971
    22.971 22.971]
   [22.971  0.534  0.402  0.343  0.314  0.304  0.293  0.287  0.283
     0.28   0.278]
   [22.971  0.556  0.427  0.366  0.326  0.303  0.294  0.289  0.286
     0.284  0.283]
   [22.971  0.609  0.442  0.425  0.42   0.404  0.393  0.379  0.37
     0.366  0.362]
   [22.971  0.609  0.443  0.425  0.421  0.406  0.394  0.38   0.373
     0.367  0.364]
   [22.971  0.603  0.441  0.423  0.41   0.403  0.391  0.382  0.368
     0.361  0.356]]

  [[22.971 22.971 22.971 22.971 22.971 22.971 22.971 22.971 22.971
    22.971 22.971]
   [22.971  2.356  1.731  1.504  1.391  1.327  1.289  1.265  1.25
     1.241  1.234]
   [22.971  2.368  1.731  1.495  1.378  1.312  1.272  1.248  1.232
     1.222  1.216]
   [22.971  2.393  1.759  1.486  1.371  1.299  1.256  1.228  1.211
     1.2    1.193]
   [22.971  2.393  1.759  1.486  1.371  1.299  1.256  1.228  1.211
     1.2    1.193]
   [22.971  2.392  1.758  1.481  1.366  1.296  1.253  1.225  1.209
     1.198  1.191]]

  [[22.971 22.971 22.971 22.971 22.971 22.971 22.971 22.971 22.971
    22.971 22.971]
   [22.971 22.155 20.974  9.26   6.976  6.299  5.966  5.777  5.662
     5.589  5.543]
   [22.971 22.155 20.974  9.26   6.975  6.298  5.964  5.775  5.66
     5.587  5.541]
   [22.971 22.155 20.974  9.26   6.973  6.294  5.96   5.77   5.655
     5.583  5.536]
   [22.971 22.155 20.974  9.26   6.973  6.294  5.96   5.77   5.655
     5.583  5.536]
   [22.971 22.155 20.974  9.26   6.973  6.294  5.96   5.77   5.655
     5.583  5.536]]]


 [[[33.058 33.058 33.058 33.058 33.058 33.058 33.058 33.058 33.058
    33.058 33.058]
   [33.058  0.386  0.305  0.274  0.211  0.223  0.211  0.191  0.192
     0.188  0.186]
   [33.058  0.316  0.298  0.298  0.269  0.247  0.24   0.223  0.221
     0.216  0.214]
   [33.058  0.337  0.312  0.279  0.248  0.232  0.218  0.215  0.211
     0.192  0.173]
   [33.058  0.337  0.312  0.279  0.248  0.232  0.218  0.215  0.211
     0.192  0.174]
   [33.058  0.337  0.305  0.273  0.243  0.229  0.227  0.227  0.219
     0.205  0.182]]

  [[33.058 33.058 33.058 33.058 33.058 33.058 33.058 33.058 33.058
    33.058 33.058]
   [33.058  0.348  0.279  0.267  0.247  0.228  0.221  0.216  0.21
     0.207  0.204]
   [33.058  0.336  0.304  0.285  0.283  0.287  0.284  0.285  0.28
     0.278  0.272]
   [33.058  0.391  0.307  0.264  0.26   0.259  0.256  0.254  0.252
     0.243  0.238]
   [33.058  0.391  0.307  0.264  0.26   0.259  0.256  0.255  0.252
     0.243  0.238]
   [33.058  0.391  0.304  0.264  0.261  0.256  0.252  0.25   0.242
     0.238  0.232]]

  [[33.058 33.058 33.058 33.058 33.058 33.058 33.058 33.058 33.058
    33.058 33.058]
   [33.058  0.37   0.314  0.279  0.247  0.237  0.233  0.23   0.225
     0.223  0.221]
   [33.058  0.4    0.323  0.309  0.297  0.282  0.273  0.269  0.268
     0.266  0.264]
   [33.058  0.446  0.318  0.304  0.298  0.298  0.295  0.287  0.278
     0.271  0.268]
   [33.058  0.448  0.317  0.303  0.298  0.297  0.296  0.288  0.281
     0.272  0.268]
   [33.058  0.442  0.317  0.304  0.294  0.293  0.288  0.282  0.28
     0.275  0.27 ]]

  [[33.058 33.058 33.058 33.058 33.058 33.058 33.058 33.058 33.058
    33.058 33.058]
   [33.058  0.534  0.402  0.343  0.314  0.304  0.293  0.287  0.283
     0.28   0.278]
   [33.058  0.556  0.427  0.366  0.326  0.303  0.294  0.289  0.286
     0.284  0.283]
   [33.058  0.609  0.442  0.425  0.42   0.404  0.393  0.379  0.37
     0.366  0.362]
   [33.058  0.609  0.443  0.425  0.421  0.406  0.394  0.38   0.373
     0.367  0.364]
   [33.058  0.603  0.441  0.423  0.41   0.403  0.391  0.382  0.368
     0.361  0.356]]

  [[33.058 33.058 33.058 33.058 33.058 33.058 33.058 33.058 33.058
    33.058 33.058]
   [33.058  2.356  1.731  1.504  1.391  1.327  1.289  1.265  1.25
     1.241  1.234]
   [33.058  2.368  1.731  1.495  1.378  1.312  1.272  1.248  1.232
     1.222  1.216]
   [33.058  2.393  1.759  1.486  1.371  1.299  1.256  1.228  1.211
     1.2    1.193]
   [33.058  2.393  1.759  1.486  1.371  1.299  1.256  1.228  1.211
     1.2    1.193]
   [33.058  2.392  1.758  1.481  1.366  1.296  1.253  1.225  1.209
     1.198  1.191]]

  [[33.058 33.058 33.058 33.058 33.058 33.058 33.058 33.058 33.058
    33.058 33.058]
   [33.058 32.145 30.895  9.335  7.032  6.344  6.002  5.808  5.689
     5.615  5.567]
   [33.058 32.145 30.895  9.334  7.031  6.342  6.001  5.806  5.687
     5.613  5.565]
   [33.058 32.145 30.895  9.334  7.029  6.339  5.997  5.802  5.683
     5.608  5.56 ]
   [33.058 32.145 30.895  9.334  7.029  6.339  5.997  5.802  5.683
     5.608  5.56 ]
   [33.058 32.145 30.895  9.334  7.029  6.339  5.997  5.802  5.683
     5.608  5.56 ]]]


 [[[43.145 43.145 43.145 43.145 43.145 43.145 43.145 43.145 43.145
    43.145 43.145]
   [43.145  0.386  0.305  0.274  0.211  0.223  0.211  0.191  0.192
     0.188  0.186]
   [43.145  0.316  0.298  0.298  0.269  0.247  0.24   0.223  0.221
     0.216  0.214]
   [43.145  0.337  0.312  0.279  0.248  0.232  0.218  0.215  0.211
     0.192  0.173]
   [43.145  0.337  0.312  0.279  0.248  0.232  0.218  0.215  0.211
     0.192  0.174]
   [43.145  0.337  0.305  0.273  0.243  0.229  0.227  0.227  0.219
     0.205  0.182]]

  [[43.145 43.145 43.145 43.145 43.145 43.145 43.145 43.145 43.145
    43.145 43.145]
   [43.145  0.348  0.279  0.267  0.247  0.228  0.221  0.216  0.21
     0.207  0.204]
   [43.145  0.336  0.304  0.285  0.283  0.287  0.284  0.285  0.28
     0.278  0.272]
   [43.145  0.391  0.307  0.264  0.26   0.259  0.256  0.254  0.252
     0.243  0.238]
   [43.145  0.391  0.307  0.264  0.26   0.259  0.256  0.255  0.252
     0.243  0.238]
   [43.145  0.391  0.304  0.264  0.261  0.256  0.252  0.25   0.242
     0.238  0.232]]

  [[43.145 43.145 43.145 43.145 43.145 43.145 43.145 43.145 43.145
    43.145 43.145]
   [43.145  0.37   0.314  0.279  0.247  0.237  0.233  0.23   0.225
     0.223  0.221]
   [43.145  0.4    0.323  0.309  0.297  0.282  0.273  0.269  0.268
     0.266  0.264]
   [43.145  0.446  0.318  0.304  0.298  0.298  0.295  0.287  0.278
     0.271  0.268]
   [43.145  0.448  0.317  0.303  0.298  0.297  0.296  0.288  0.281
     0.272  0.268]
   [43.145  0.442  0.317  0.304  0.294  0.293  0.288  0.282  0.28
     0.275  0.27 ]]

  [[43.145 43.145 43.145 43.145 43.145 43.145 43.145 43.145 43.145
    43.145 43.145]
   [43.145  0.534  0.402  0.343  0.314  0.304  0.293  0.287  0.283
     0.28   0.278]
   [43.145  0.556  0.427  0.366  0.326  0.303  0.294  0.289  0.286
     0.284  0.283]
   [43.145  0.609  0.442  0.425  0.42   0.404  0.393  0.379  0.37
     0.366  0.362]
   [43.145  0.609  0.443  0.425  0.421  0.406  0.394  0.38   0.373
     0.367  0.364]
   [43.145  0.603  0.441  0.423  0.41   0.403  0.391  0.382  0.368
     0.361  0.356]]

  [[43.145 43.145 43.145 43.145 43.145 43.145 43.145 43.145 43.145
    43.145 43.145]
   [43.145  2.356  1.731  1.504  1.391  1.327  1.289  1.265  1.25
     1.241  1.234]
   [43.145  2.368  1.731  1.495  1.378  1.312  1.272  1.248  1.232
     1.222  1.216]
   [43.145  2.393  1.759  1.486  1.371  1.299  1.256  1.228  1.211
     1.2    1.193]
   [43.145  2.393  1.759  1.486  1.371  1.299  1.256  1.228  1.211
     1.2    1.193]
   [43.145  2.392  1.758  1.481  1.366  1.296  1.253  1.225  1.209
     1.198  1.191]]

  [[43.145 43.145 43.145 43.145 43.145 43.145 43.145 43.145 43.145
    43.145 43.145]
   [43.145 42.135 40.817  9.409  7.089  6.388  6.039  5.839  5.717
     5.64   5.591]
   [43.145 42.135 40.817  9.409  7.088  6.387  6.037  5.837  5.715
     5.638  5.588]
   [43.145 42.135 40.817  9.409  7.086  6.384  6.034  5.833  5.711
     5.633  5.584]
   [43.145 42.135 40.817  9.409  7.086  6.384  6.034  5.833  5.711
     5.633  5.584]
   [43.145 42.135 40.817  9.409  7.086  6.384  6.034  5.833  5.711
     5.633  5.584]]]


 [[[73.405 73.405 73.405 73.405 73.405 73.405 73.405 73.405 73.405
    73.405 73.405]
   [73.405  0.386  0.305  0.274  0.211  0.223  0.211  0.191  0.192
     0.188  0.186]
   [73.405  0.316  0.298  0.298  0.269  0.247  0.24   0.223  0.221
     0.216  0.214]
   [73.405  0.337  0.312  0.279  0.248  0.232  0.218  0.215  0.211
     0.192  0.173]
   [73.405  0.337  0.312  0.279  0.248  0.232  0.218  0.215  0.211
     0.192  0.174]
   [73.405  0.337  0.305  0.273  0.243  0.229  0.227  0.227  0.219
     0.205  0.182]]

  [[73.405 73.405 73.405 73.405 73.405 73.405 73.405 73.405 73.405
    73.405 73.405]
   [73.405  0.348  0.279  0.267  0.247  0.228  0.221  0.216  0.21
     0.207  0.204]
   [73.405  0.336  0.304  0.285  0.283  0.287  0.284  0.285  0.28
     0.278  0.272]
   [73.405  0.391  0.307  0.264  0.26   0.259  0.256  0.254  0.252
     0.243  0.238]
   [73.405  0.391  0.307  0.264  0.26   0.259  0.256  0.255  0.252
     0.243  0.238]
   [73.405  0.391  0.304  0.264  0.261  0.256  0.252  0.25   0.242
     0.238  0.232]]

  [[73.405 73.405 73.405 73.405 73.405 73.405 73.405 73.405 73.405
    73.405 73.405]
   [73.405  0.37   0.314  0.279  0.247  0.237  0.233  0.23   0.225
     0.223  0.221]
   [73.405  0.4    0.323  0.309  0.297  0.282  0.273  0.269  0.268
     0.266  0.264]
   [73.405  0.446  0.318  0.304  0.298  0.298  0.295  0.287  0.278
     0.271  0.268]
   [73.405  0.448  0.317  0.303  0.298  0.297  0.296  0.288  0.281
     0.272  0.268]
   [73.405  0.442  0.317  0.304  0.294  0.293  0.288  0.282  0.28
     0.275  0.27 ]]

  [[73.405 73.405 73.405 73.405 73.405 73.405 73.405 73.405 73.405
    73.405 73.405]
   [73.405  0.534  0.402  0.343  0.314  0.304  0.293  0.287  0.283
     0.28   0.278]
   [73.405  0.556  0.427  0.366  0.326  0.303  0.294  0.289  0.286
     0.284  0.283]
   [73.405  0.609  0.442  0.425  0.42   0.404  0.393  0.379  0.37
     0.366  0.362]
   [73.405  0.609  0.443  0.425  0.421  0.406  0.394  0.38   0.373
     0.367  0.364]
   [73.405  0.603  0.441  0.423  0.41   0.403  0.391  0.382  0.368
     0.361  0.356]]

  [[73.405 73.405 73.405 73.405 73.405 73.405 73.405 73.405 73.405
    73.405 73.405]
   [73.405  2.356  1.731  1.504  1.391  1.327  1.289  1.265  1.25
     1.241  1.234]
   [73.405  2.368  1.731  1.495  1.378  1.312  1.272  1.248  1.232
     1.222  1.216]
   [73.405  2.393  1.759  1.486  1.371  1.299  1.256  1.228  1.211
     1.2    1.193]
   [73.405  2.393  1.759  1.486  1.371  1.299  1.256  1.228  1.211
     1.2    1.193]
   [73.405  2.392  1.758  1.481  1.366  1.296  1.253  1.225  1.209
     1.198  1.191]]

  [[73.405 73.405 73.405 73.405 73.405 73.405 73.405 73.405 73.405
    73.405 73.405]
   [73.405 72.105 70.581  9.632  7.259  6.522  6.149  5.933  5.8
     5.716  5.662]
   [73.405 72.105 70.581  9.632  7.258  6.521  6.148  5.931  5.799
     5.714  5.66 ]
   [73.405 72.105 70.581  9.632  7.256  6.518  6.144  5.927  5.794
     5.709  5.655]
   [73.405 72.105 70.581  9.632  7.256  6.518  6.144  5.927  5.794
     5.709  5.655]
   [73.405 72.105 70.581  9.632  7.256  6.518  6.144  5.927  5.794
     5.71   5.655]]]]
