duration: [10, 30, 50, 70, 90, 180]
step size: [1.0, 0.3, 0.2, 0.1, 0.01, 0.001]
included time steps: [10, 20, 30, 100, 1000, 1800]
iterations: 20
runtime: [[[[9.247e-04 2.102e-01 4.866e-01 6.976e-01 9.133e-01 1.143e+00
    1.359e+00 1.564e+00 1.764e+00 1.962e+00 2.170e+00 2.372e+00
    2.580e+00 2.831e+00 3.067e+00 3.275e+00 3.499e+00 3.706e+00
    3.912e+00 4.148e+00 4.365e+00]
   [1.942e-03 2.037e-01 4.293e-01 6.308e-01 8.710e-01 1.129e+00
    1.328e+00 1.561e+00 1.770e+00 2.010e+00 2.244e+00 2.477e+00
    2.713e+00 2.985e+00 3.193e+00 3.430e+00 3.645e+00 3.850e+00
    4.071e+00 4.446e+00 5.026e+00]
   [3.841e-03 4.393e-01 6.545e-01 8.678e-01 1.081e+00 1.302e+00
    1.511e+00 1.720e+00 1.933e+00 2.146e+00 2.375e+00 2.588e+00
    2.800e+00 3.012e+00 3.265e+00 3.545e+00 3.802e+00 4.018e+00
    4.230e+00 4.467e+00 4.682e+00]
   [9.171e-04 2.227e-01 4.426e-01 6.579e-01 8.861e-01 1.100e+00
    1.369e+00 1.671e+00 1.941e+00 2.153e+00 2.376e+00 2.592e+00
    2.805e+00 3.025e+00 3.237e+00 3.455e+00 3.736e+00 3.998e+00
    4.236e+00 4.465e+00 4.697e+00]
   [7.407e-04 2.471e-01 4.699e-01 6.902e-01 9.295e-01 1.147e+00
    1.393e+00 1.623e+00 1.874e+00 2.099e+00 2.330e+00 2.596e+00
    2.814e+00 3.028e+00 3.243e+00 3.475e+00 3.685e+00 3.916e+00
    4.159e+00 4.391e+00 4.615e+00]
   [7.233e-04 2.160e-01 4.333e-01 6.563e-01 8.661e-01 1.089e+00
    1.300e+00 1.513e+00 1.748e+00 1.961e+00 2.178e+00 2.388e+00
    2.598e+00 2.808e+00 3.024e+00 3.243e+00 3.454e+00 3.665e+00
    3.879e+00 4.096e+00 4.343e+00]]

  [[1.581e-03 2.145e-01 4.151e-01 6.492e-01 8.807e-01 1.079e+00
    1.279e+00 1.486e+00 1.690e+00 1.904e+00 2.106e+00 2.312e+00
    2.517e+00 2.722e+00 2.928e+00 3.145e+00 3.353e+00 3.564e+00
    3.779e+00 4.002e+00 4.223e+00]
   [6.761e-04 2.263e-01 4.621e-01 7.021e-01 1.029e+00 1.278e+00
    1.507e+00 1.726e+00 1.958e+00 2.180e+00 2.398e+00 2.617e+00
    2.838e+00 3.069e+00 3.296e+00 3.516e+00 3.734e+00 3.950e+00
    4.175e+00 4.396e+00 4.611e+00]
   [7.631e-04 2.177e-01 4.338e-01 6.666e-01 8.961e-01 1.143e+00
    1.406e+00 1.668e+00 1.911e+00 2.137e+00 2.359e+00 2.587e+00
    2.816e+00 3.040e+00 3.259e+00 3.478e+00 3.699e+00 3.922e+00
    4.144e+00 4.363e+00 4.581e+00]
   [9.589e-04 2.374e-01 4.633e-01 6.909e-01 9.157e-01 1.142e+00
    1.385e+00 1.634e+00 1.908e+00 2.155e+00 2.398e+00 2.631e+00
    2.861e+00 3.091e+00 3.321e+00 3.550e+00 3.777e+00 4.002e+00
    4.227e+00 4.461e+00 4.691e+00]
   [1.486e-03 2.277e-01 4.501e-01 6.778e-01 9.144e-01 1.142e+00
    1.369e+00 1.594e+00 1.849e+00 2.119e+00 2.370e+00 2.604e+00
    2.834e+00 3.071e+00 3.304e+00 3.531e+00 3.757e+00 3.985e+00
    4.219e+00 4.451e+00 4.691e+00]
   [6.138e-04 2.218e-01 4.584e-01 7.004e-01 9.268e-01 1.153e+00
    1.384e+00 1.617e+00 1.843e+00 2.073e+00 2.316e+00 2.580e+00
    2.830e+00 3.063e+00 3.295e+00 3.527e+00 3.765e+00 3.994e+00
    4.220e+00 4.447e+00 4.693e+00]]

  [[9.340e-04 2.388e-01 4.672e-01 6.916e-01 9.375e-01 1.186e+00
    1.414e+00 1.632e+00 1.844e+00 2.068e+00 2.318e+00 2.594e+00
    2.852e+00 3.093e+00 3.326e+00 3.546e+00 3.761e+00 3.973e+00
    4.196e+00 4.417e+00 4.636e+00]
   [1.011e-03 2.171e-01 4.484e-01 6.789e-01 9.296e-01 1.180e+00
    1.417e+00 1.659e+00 1.900e+00 2.118e+00 2.335e+00 2.552e+00
    2.784e+00 3.044e+00 3.293e+00 3.533e+00 3.766e+00 3.993e+00
    4.215e+00 4.433e+00 4.657e+00]
   [1.086e-03 2.348e-01 4.645e-01 6.867e-01 9.071e-01 1.133e+00
    1.359e+00 1.582e+00 1.805e+00 2.025e+00 2.254e+00 2.477e+00
    2.694e+00 2.908e+00 3.143e+00 3.433e+00 3.683e+00 3.919e+00
    4.142e+00 4.375e+00 4.605e+00]
   [6.709e-04 2.285e-01 4.532e-01 6.805e-01 9.239e-01 1.155e+00
    1.381e+00 1.606e+00 1.842e+00 2.081e+00 2.310e+00 2.535e+00
    2.756e+00 2.989e+00 3.218e+00 3.444e+00 3.695e+00 3.971e+00
    4.235e+00 4.472e+00 4.703e+00]
   [8.837e-04 2.280e-01 4.666e-01 6.989e-01 9.266e-01 1.156e+00
    1.392e+00 1.623e+00 1.851e+00 2.080e+00 2.306e+00 2.540e+00
    2.769e+00 2.997e+00 3.220e+00 3.445e+00 3.681e+00 3.933e+00
    4.198e+00 4.448e+00 4.695e+00]
   [7.820e-04 2.349e-01 4.597e-01 6.843e-01 9.161e-01 1.146e+00
    1.374e+00 1.596e+00 1.820e+00 2.053e+00 2.281e+00 2.516e+00
    2.743e+00 2.970e+00 3.205e+00 3.430e+00 3.653e+00 3.876e+00
    4.109e+00 4.367e+00 4.623e+00]]

  [[8.969e-04 2.360e-01 4.581e-01 6.848e-01 9.018e-01 1.115e+00
    1.324e+00 1.544e+00 1.761e+00 1.976e+00 2.190e+00 2.403e+00
    2.622e+00 2.843e+00 3.056e+00 3.276e+00 3.491e+00 3.713e+00
    3.930e+00 4.143e+00 4.357e+00]
   [1.409e-03 2.283e-01 5.133e-01 7.504e-01 9.717e-01 1.187e+00
    1.411e+00 1.636e+00 1.852e+00 2.067e+00 2.281e+00 2.501e+00
    2.767e+00 3.005e+00 3.229e+00 3.448e+00 3.677e+00 3.900e+00
    4.116e+00 4.331e+00 4.546e+00]
   [1.043e-03 2.303e-01 4.523e-01 6.863e-01 9.361e-01 1.191e+00
    1.423e+00 1.645e+00 1.864e+00 2.081e+00 2.312e+00 2.532e+00
    2.749e+00 2.969e+00 3.191e+00 3.418e+00 3.636e+00 3.852e+00
    4.070e+00 4.294e+00 4.520e+00]
   [8.227e-04 2.297e-01 4.540e-01 6.785e-01 9.118e-01 1.170e+00
    1.431e+00 1.680e+00 1.920e+00 2.152e+00 2.380e+00 2.605e+00
    2.827e+00 3.064e+00 3.291e+00 3.516e+00 3.749e+00 4.041e+00
    4.283e+00 4.516e+00 4.742e+00]
   [8.159e-04 2.302e-01 4.648e-01 6.910e-01 9.162e-01 1.142e+00
    1.429e+00 1.694e+00 1.963e+00 2.193e+00 2.421e+00 2.654e+00
    2.879e+00 3.102e+00 3.322e+00 3.554e+00 3.789e+00 4.016e+00
    4.237e+00 4.458e+00 4.693e+00]
   [6.218e-04 2.311e-01 4.578e-01 6.772e-01 9.136e-01 1.144e+00
    1.366e+00 1.588e+00 1.844e+00 2.114e+00 2.374e+00 2.634e+00
    2.878e+00 3.122e+00 3.371e+00 3.605e+00 3.837e+00 4.064e+00
    4.296e+00 4.522e+00 4.751e+00]]

  [[7.495e-04 2.211e-01 4.457e-01 6.666e-01 8.835e-01 1.095e+00
    1.310e+00 1.532e+00 1.750e+00 1.986e+00 2.233e+00 2.478e+00
    2.710e+00 2.934e+00 3.153e+00 3.371e+00 3.593e+00 3.813e+00
    4.032e+00 4.249e+00 4.464e+00]
   [8.684e-04 2.356e-01 4.601e-01 6.759e-01 8.917e-01 1.109e+00
    1.343e+00 1.565e+00 1.784e+00 2.006e+00 2.229e+00 2.456e+00
    2.718e+00 2.960e+00 3.186e+00 3.414e+00 3.635e+00 3.850e+00
    4.066e+00 4.282e+00 4.508e+00]
   [1.884e-03 2.247e-01 4.487e-01 6.731e-01 9.037e-01 1.126e+00
    1.341e+00 1.564e+00 1.781e+00 2.004e+00 2.227e+00 2.444e+00
    2.661e+00 2.882e+00 3.143e+00 3.397e+00 3.626e+00 3.846e+00
    4.081e+00 4.304e+00 4.530e+00]
   [6.109e-04 2.302e-01 4.536e-01 6.839e-01 9.121e-01 1.138e+00
    1.414e+00 1.646e+00 1.882e+00 2.110e+00 2.334e+00 2.558e+00
    2.808e+00 3.042e+00 3.266e+00 3.504e+00 3.777e+00 4.026e+00
    4.259e+00 4.487e+00 4.712e+00]
   [1.420e-03 2.347e-01 4.635e-01 6.904e-01 9.141e-01 1.135e+00
    1.371e+00 1.602e+00 1.826e+00 2.046e+00 2.275e+00 2.507e+00
    2.735e+00 2.956e+00 3.177e+00 3.411e+00 3.640e+00 3.888e+00
    4.144e+00 4.388e+00 4.624e+00]
   [1.228e-03 2.297e-01 4.529e-01 6.730e-01 9.165e-01 1.146e+00
    1.372e+00 1.592e+00 1.816e+00 2.046e+00 2.279e+00 2.504e+00
    2.727e+00 2.956e+00 3.185e+00 3.410e+00 3.630e+00 3.853e+00
    4.091e+00 4.354e+00 4.618e+00]]

  [[1.037e-03 2.274e-01 4.523e-01 6.749e-01 8.924e-01 1.109e+00
    1.322e+00 1.564e+00 1.784e+00 2.002e+00 2.218e+00 2.436e+00
    2.671e+00 2.889e+00 3.103e+00 3.314e+00 3.529e+00 3.754e+00
    3.971e+00 4.186e+00 4.403e+00]
   [8.840e-04 2.800e-01 5.358e-01 7.683e-01 9.887e-01 1.208e+00
    1.441e+00 1.663e+00 1.882e+00 2.095e+00 2.312e+00 2.537e+00
    2.762e+00 2.982e+00 3.197e+00 3.431e+00 3.656e+00 3.878e+00
    4.096e+00 4.311e+00 4.535e+00]
   [8.287e-04 2.282e-01 4.510e-01 6.967e-01 9.547e-01 1.198e+00
    1.433e+00 1.662e+00 1.881e+00 2.110e+00 2.337e+00 2.558e+00
    2.775e+00 2.993e+00 3.223e+00 3.448e+00 3.668e+00 3.889e+00
    4.107e+00 4.342e+00 4.563e+00]
   [6.032e-04 2.257e-01 4.485e-01 6.896e-01 9.272e-01 1.180e+00
    1.440e+00 1.680e+00 1.919e+00 2.152e+00 2.378e+00 2.603e+00
    2.839e+00 3.071e+00 3.296e+00 3.521e+00 3.742e+00 3.987e+00
    4.212e+00 4.438e+00 4.660e+00]
   [8.276e-04 2.401e-01 4.737e-01 7.044e-01 9.279e-01 1.156e+00
    1.424e+00 1.686e+00 1.933e+00 2.163e+00 2.398e+00 2.630e+00
    2.855e+00 3.080e+00 3.303e+00 3.538e+00 3.768e+00 3.992e+00
    4.213e+00 4.450e+00 4.701e+00]
   [8.685e-04 3.226e-01 6.020e-01 8.488e-01 1.087e+00 1.317e+00
    1.563e+00 1.818e+00 2.110e+00 2.349e+00 2.579e+00 2.833e+00
    3.093e+00 3.348e+00 3.596e+00 3.844e+00 4.097e+00 4.349e+00
    4.597e+00 4.844e+00 5.097e+00]]]


 [[[1.652e-03 1.251e+00 2.579e+00 3.820e+00 5.054e+00 6.295e+00
    7.637e+00 8.902e+00 1.016e+01 1.141e+01 1.297e+01 1.429e+01
    1.553e+01 1.684e+01 1.814e+01 1.938e+01 2.063e+01 2.197e+01
    2.324e+01 2.458e+01 2.583e+01]
   [1.712e-03 1.379e+00 2.662e+00 3.915e+00 5.176e+00 6.527e+00
    7.787e+00 9.307e+00 1.069e+01 1.205e+01 1.332e+01 1.458e+01
    1.586e+01 1.719e+01 1.845e+01 1.971e+01 2.102e+01 2.231e+01
    2.357e+01 2.482e+01 2.614e+01]
   [1.960e-03 1.297e+00 2.553e+00 3.811e+00 5.303e+00 6.606e+00
    7.869e+00 9.135e+00 1.054e+01 1.188e+01 1.317e+01 1.443e+01
    1.579e+01 1.709e+01 1.836e+01 1.966e+01 2.101e+01 2.228e+01
    2.358e+01 2.489e+01 2.618e+01]
   [1.673e-03 1.312e+00 2.680e+00 4.055e+00 5.512e+00 6.815e+00
    8.120e+00 9.591e+00 1.090e+01 1.220e+01 1.354e+01 1.491e+01
    1.623e+01 1.775e+01 1.941e+01 2.098e+01 2.258e+01 2.421e+01
    2.557e+01 2.687e+01 2.816e+01]
   [1.941e-03 1.590e+00 2.962e+00 4.326e+00 5.782e+00 7.163e+00
    8.526e+00 9.885e+00 1.138e+01 1.276e+01 1.413e+01 1.555e+01
    1.695e+01 1.837e+01 1.976e+01 2.137e+01 2.361e+01 2.542e+01
    2.720e+01 2.873e+01 3.010e+01]
   [2.287e-03 1.483e+00 2.860e+00 4.231e+00 5.682e+00 7.065e+00
    8.426e+00 9.796e+00 1.126e+01 1.262e+01 1.400e+01 1.540e+01
    1.683e+01 1.839e+01 1.978e+01 2.139e+01 2.286e+01 2.425e+01
    2.575e+01 2.718e+01 2.857e+01]]

  [[2.036e-03 1.382e+00 3.312e+00 4.584e+00 5.897e+00 7.240e+00
    8.510e+00 9.769e+00 1.102e+01 1.237e+01 1.363e+01 1.487e+01
    1.611e+01 1.754e+01 1.884e+01 2.011e+01 2.137e+01 2.273e+01
    2.398e+01 2.524e+01 2.651e+01]
   [1.926e-03 1.369e+00 2.675e+00 3.949e+00 5.274e+00 6.582e+00
    7.831e+00 9.079e+00 1.047e+01 1.175e+01 1.301e+01 1.427e+01
    1.560e+01 1.686e+01 1.813e+01 1.940e+01 2.079e+01 2.210e+01
    2.344e+01 2.472e+01 2.612e+01]
   [2.359e-03 1.342e+00 2.611e+00 3.923e+00 5.313e+00 6.621e+00
    7.915e+00 9.248e+00 1.056e+01 1.183e+01 1.314e+01 1.480e+01
    1.614e+01 1.760e+01 1.898e+01 2.047e+01 2.177e+01 2.306e+01
    2.442e+01 2.572e+01 2.702e+01]
   [2.117e-03 1.354e+00 2.818e+00 4.174e+00 5.526e+00 7.002e+00
    8.471e+00 9.872e+00 1.127e+01 1.271e+01 1.409e+01 1.541e+01
    1.672e+01 1.815e+01 1.950e+01 2.086e+01 2.227e+01 2.370e+01
    2.508e+01 2.644e+01 2.798e+01]
   [1.731e-03 1.419e+00 2.835e+00 4.371e+00 5.792e+00 7.171e+00
    8.550e+00 1.002e+01 1.139e+01 1.276e+01 1.418e+01 1.560e+01
    1.696e+01 1.834e+01 1.992e+01 2.133e+01 2.275e+01 2.451e+01
    2.599e+01 2.738e+01 2.879e+01]
   [2.223e-03 1.580e+00 3.026e+00 4.859e+00 6.493e+00 8.073e+00
    9.568e+00 1.120e+01 1.266e+01 1.409e+01 1.576e+01 1.725e+01
    1.862e+01 2.021e+01 2.186e+01 2.352e+01 2.495e+01 2.647e+01
    2.795e+01 2.943e+01 3.092e+01]]

  [[1.521e-03 1.262e+00 2.646e+00 3.908e+00 5.272e+00 6.691e+00
    7.966e+00 9.231e+00 1.061e+01 1.184e+01 1.308e+01 1.438e+01
    1.580e+01 1.721e+01 1.855e+01 2.001e+01 2.127e+01 2.258e+01
    2.395e+01 2.547e+01 2.673e+01]
   [1.618e-03 1.262e+00 2.566e+00 3.969e+00 5.233e+00 6.497e+00
    7.851e+00 9.296e+00 1.056e+01 1.183e+01 1.319e+01 1.448e+01
    1.589e+01 1.718e+01 1.863e+01 1.994e+01 2.132e+01 2.260e+01
    2.394e+01 2.520e+01 2.656e+01]
   [1.607e-03 1.344e+00 2.737e+00 4.061e+00 5.382e+00 6.932e+00
    8.231e+00 9.574e+00 1.095e+01 1.245e+01 1.381e+01 1.515e+01
    1.666e+01 1.813e+01 1.965e+01 2.104e+01 2.254e+01 2.399e+01
    2.538e+01 2.681e+01 2.823e+01]
   [1.658e-03 1.468e+00 2.976e+00 4.468e+00 5.937e+00 7.320e+00
    9.003e+00 1.053e+01 1.205e+01 1.354e+01 1.495e+01 1.632e+01
    1.781e+01 1.932e+01 2.082e+01 2.217e+01 2.362e+01 2.498e+01
    2.632e+01 2.770e+01 2.917e+01]
   [2.026e-03 1.604e+00 3.420e+00 5.121e+00 6.714e+00 8.159e+00
    9.720e+00 1.122e+01 1.284e+01 1.456e+01 1.600e+01 1.738e+01
    1.879e+01 2.022e+01 2.159e+01 2.297e+01 2.444e+01 2.581e+01
    2.720e+01 2.858e+01 3.007e+01]
   [1.424e-03 1.387e+00 2.772e+00 4.366e+00 5.775e+00 7.288e+00
    8.820e+00 1.027e+01 1.167e+01 1.305e+01 1.458e+01 1.598e+01
    1.740e+01 1.898e+01 2.040e+01 2.180e+01 2.318e+01 2.467e+01
    2.609e+01 2.748e+01 2.913e+01]]

  [[1.835e-03 1.281e+00 2.572e+00 3.856e+00 5.214e+00 6.495e+00
    7.746e+00 9.008e+00 1.037e+01 1.161e+01 1.286e+01 1.411e+01
    1.545e+01 1.672e+01 1.797e+01 1.924e+01 2.062e+01 2.190e+01
    2.319e+01 2.449e+01 2.582e+01]
   [1.402e-03 1.274e+00 2.551e+00 3.888e+00 5.190e+00 6.590e+00
    7.875e+00 9.281e+00 1.055e+01 1.180e+01 1.306e+01 1.451e+01
    1.583e+01 1.710e+01 1.837e+01 1.981e+01 2.107e+01 2.234e+01
    2.364e+01 2.501e+01 2.629e+01]
   [1.714e-03 1.283e+00 2.815e+00 4.165e+00 5.513e+00 6.809e+00
    8.199e+00 9.638e+00 1.132e+01 1.348e+01 1.511e+01 1.650e+01
    1.794e+01 1.926e+01 2.064e+01 2.196e+01 2.335e+01 2.468e+01
    2.601e+01 2.735e+01 2.874e+01]
   [1.754e-03 1.377e+00 2.689e+00 4.138e+00 5.477e+00 6.801e+00
    8.110e+00 9.513e+00 1.083e+01 1.218e+01 1.369e+01 1.533e+01
    1.771e+01 1.951e+01 2.088e+01 2.232e+01 2.381e+01 2.520e+01
    2.653e+01 2.785e+01 2.932e+01]
   [2.276e-03 1.584e+00 3.002e+00 4.434e+00 5.901e+00 7.301e+00
    8.709e+00 1.020e+01 1.161e+01 1.308e+01 1.450e+01 1.592e+01
    1.738e+01 1.876e+01 2.056e+01 2.309e+01 2.498e+01 2.642e+01
    2.795e+01 2.953e+01 3.097e+01]
   [1.880e-03 1.378e+00 2.775e+00 4.313e+00 5.689e+00 7.104e+00
    8.572e+00 9.980e+00 1.138e+01 1.278e+01 1.433e+01 1.572e+01
    1.715e+01 1.868e+01 2.027e+01 2.172e+01 2.310e+01 2.502e+01
    2.652e+01 2.805e+01 2.953e+01]]

  [[1.890e-03 1.365e+00 2.809e+00 4.299e+00 5.834e+00 7.226e+00
    8.657e+00 1.010e+01 1.153e+01 1.280e+01 1.413e+01 1.544e+01
    1.672e+01 1.797e+01 1.931e+01 2.065e+01 2.208e+01 2.378e+01
    2.549e+01 2.713e+01 2.868e+01]
   [2.007e-03 1.799e+00 3.261e+00 4.679e+00 6.281e+00 7.550e+00
    8.822e+00 1.012e+01 1.150e+01 1.284e+01 1.412e+01 1.547e+01
    1.679e+01 1.807e+01 1.937e+01 2.080e+01 2.210e+01 2.345e+01
    2.487e+01 2.630e+01 2.761e+01]
   [3.689e-03 1.310e+00 2.639e+00 3.974e+00 5.343e+00 6.628e+00
    8.005e+00 9.323e+00 1.059e+01 1.188e+01 1.330e+01 1.474e+01
    1.605e+01 1.744e+01 1.888e+01 2.016e+01 2.145e+01 2.282e+01
    2.415e+01 2.545e+01 2.674e+01]
   [1.791e-03 1.473e+00 2.986e+00 4.429e+00 5.797e+00 7.196e+00
    8.527e+00 9.837e+00 1.129e+01 1.278e+01 1.411e+01 1.548e+01
    1.701e+01 1.835e+01 1.968e+01 2.115e+01 2.255e+01 2.390e+01
    2.526e+01 2.677e+01 2.813e+01]
   [1.732e-03 1.424e+00 2.856e+00 4.302e+00 5.682e+00 7.093e+00
    8.593e+00 1.002e+01 1.145e+01 1.297e+01 1.443e+01 1.584e+01
    1.725e+01 1.874e+01 2.016e+01 2.161e+01 2.314e+01 2.461e+01
    2.601e+01 2.743e+01 2.889e+01]
   [1.502e-03 1.390e+00 2.763e+00 4.243e+00 5.670e+00 7.067e+00
    8.467e+00 9.995e+00 1.144e+01 1.283e+01 1.443e+01 1.604e+01
    1.748e+01 1.895e+01 2.050e+01 2.209e+01 2.356e+01 2.508e+01
    2.651e+01 2.791e+01 2.943e+01]]

  [[1.555e-03 1.309e+00 2.597e+00 3.892e+00 5.260e+00 6.560e+00
    8.019e+00 9.700e+00 1.124e+01 1.256e+01 1.393e+01 1.551e+01
    1.681e+01 1.807e+01 1.940e+01 2.075e+01 2.203e+01 2.330e+01
    2.472e+01 2.613e+01 2.741e+01]
   [1.813e-03 1.353e+00 2.804e+00 4.177e+00 5.471e+00 6.765e+00
    8.215e+00 9.526e+00 1.082e+01 1.214e+01 1.346e+01 1.474e+01
    1.601e+01 1.734e+01 1.863e+01 1.994e+01 2.147e+01 2.286e+01
    2.414e+01 2.541e+01 2.682e+01]
   [2.131e-03 1.669e+00 2.973e+00 4.281e+00 5.686e+00 7.061e+00
    8.349e+00 9.629e+00 1.105e+01 1.233e+01 1.361e+01 1.490e+01
    1.641e+01 1.771e+01 1.897e+01 2.033e+01 2.165e+01 2.291e+01
    2.420e+01 2.557e+01 2.691e+01]
   [1.490e-03 1.356e+00 2.684e+00 4.095e+00 5.454e+00 6.765e+00
    8.084e+00 9.501e+00 1.091e+01 1.223e+01 1.364e+01 1.498e+01
    1.629e+01 1.760e+01 1.908e+01 2.038e+01 2.170e+01 2.302e+01
    2.441e+01 2.571e+01 2.702e+01]
   [1.529e-03 1.477e+00 2.881e+00 4.273e+00 5.654e+00 7.170e+00
    8.559e+00 9.938e+00 1.134e+01 1.277e+01 1.415e+01 1.552e+01
    1.698e+01 1.836e+01 1.978e+01 2.118e+01 2.263e+01 2.401e+01
    2.540e+01 2.691e+01 2.833e+01]
   [2.106e-03 1.402e+00 2.806e+00 4.349e+00 5.805e+00 7.212e+00
    8.727e+00 1.010e+01 1.150e+01 1.291e+01 1.451e+01 1.592e+01
    1.732e+01 1.885e+01 2.023e+01 2.171e+01 2.323e+01 2.469e+01
    2.622e+01 2.764e+01 2.910e+01]]]


 [[[2.834e-03 3.128e+00 6.657e+00 1.009e+01 1.321e+01 1.661e+01
    1.994e+01 2.311e+01 2.648e+01 2.992e+01 3.305e+01 3.628e+01
    3.951e+01 4.265e+01 4.599e+01 4.919e+01 5.246e+01 5.567e+01
    5.882e+01 6.216e+01 6.613e+01]
   [3.293e-03 4.085e+00 8.186e+00 1.162e+01 1.504e+01 1.841e+01
    2.162e+01 2.491e+01 2.822e+01 3.143e+01 3.479e+01 3.810e+01
    4.285e+01 4.722e+01 5.123e+01 5.502e+01 6.166e+01 6.614e+01
    6.968e+01 7.292e+01 7.612e+01]
   [2.490e-03 3.460e+00 7.277e+00 1.058e+01 1.402e+01 1.739e+01
    2.062e+01 2.411e+01 2.768e+01 3.123e+01 3.487e+01 3.832e+01
    4.162e+01 4.504e+01 4.864e+01 5.239e+01 5.566e+01 5.906e+01
    6.291e+01 6.639e+01 6.999e+01]
   [2.344e-03 3.506e+00 7.009e+00 1.053e+01 1.439e+01 1.814e+01
    2.168e+01 2.551e+01 2.921e+01 3.271e+01 3.721e+01 4.088e+01
    4.463e+01 4.815e+01 5.147e+01 5.490e+01 5.827e+01 6.214e+01
    6.570e+01 6.906e+01 7.245e+01]
   [2.968e-03 4.189e+00 9.583e+00 1.351e+01 1.723e+01 2.083e+01
    2.442e+01 2.802e+01 3.205e+01 3.567e+01 3.936e+01 4.302e+01
    4.666e+01 5.026e+01 5.378e+01 5.744e+01 6.103e+01 6.463e+01
    6.815e+01 7.199e+01 7.573e+01]
   [2.994e-03 3.748e+00 7.281e+00 1.111e+01 1.481e+01 1.836e+01
    2.197e+01 2.566e+01 2.929e+01 3.285e+01 3.651e+01 4.028e+01
    4.413e+01 4.823e+01 5.265e+01 5.754e+01 6.151e+01 6.704e+01
    7.194e+01 7.579e+01 7.941e+01]]

  [[2.831e-03 3.360e+00 7.287e+00 1.079e+01 1.408e+01 1.731e+01
    2.121e+01 2.548e+01 2.944e+01 3.314e+01 3.651e+01 3.999e+01
    4.311e+01 4.647e+01 4.999e+01 5.331e+01 5.688e+01 6.009e+01
    6.321e+01 6.659e+01 6.994e+01]
   [2.441e-03 3.126e+00 6.528e+00 9.902e+00 1.329e+01 1.679e+01
    2.020e+01 2.343e+01 2.682e+01 3.007e+01 3.337e+01 3.719e+01
    4.046e+01 4.363e+01 4.692e+01 5.049e+01 5.365e+01 5.689e+01
    6.012e+01 6.326e+01 6.651e+01]
   [2.211e-03 3.477e+00 6.759e+00 1.018e+01 1.372e+01 1.698e+01
    2.043e+01 2.380e+01 2.708e+01 3.045e+01 3.386e+01 3.720e+01
    4.114e+01 4.462e+01 4.821e+01 5.182e+01 5.595e+01 6.008e+01
    6.443e+01 6.806e+01 7.182e+01]
   [4.610e-03 6.616e+00 1.152e+01 1.487e+01 1.835e+01 2.175e+01
    2.518e+01 2.851e+01 3.185e+01 3.511e+01 3.844e+01 4.177e+01
    4.503e+01 4.833e+01 5.167e+01 5.496e+01 5.838e+01 6.173e+01
    6.500e+01 6.850e+01 7.181e+01]
   [2.490e-03 3.511e+00 7.210e+00 1.087e+01 1.446e+01 1.802e+01
    2.158e+01 2.516e+01 2.875e+01 3.233e+01 3.592e+01 3.953e+01
    4.302e+01 4.663e+01 5.018e+01 5.365e+01 5.723e+01 6.098e+01
    6.454e+01 6.809e+01 7.181e+01]
   [3.147e-03 3.613e+00 7.138e+00 1.071e+01 1.452e+01 1.810e+01
    2.158e+01 2.518e+01 2.884e+01 3.236e+01 3.608e+01 3.972e+01
    4.330e+01 4.678e+01 5.038e+01 5.399e+01 5.765e+01 6.112e+01
    6.485e+01 6.845e+01 7.192e+01]]

  [[2.568e-03 3.406e+00 6.653e+00 9.773e+00 1.315e+01 1.643e+01
    1.956e+01 2.284e+01 2.663e+01 3.047e+01 3.372e+01 3.691e+01
    4.005e+01 4.365e+01 4.692e+01 5.133e+01 5.651e+01 6.083e+01
    6.427e+01 6.788e+01 7.116e+01]
   [2.631e-03 3.157e+00 6.432e+00 9.660e+00 1.283e+01 1.605e+01
    1.925e+01 2.243e+01 2.570e+01 2.884e+01 3.209e+01 3.543e+01
    3.856e+01 4.193e+01 4.523e+01 4.839e+01 5.168e+01 5.497e+01
    5.810e+01 6.180e+01 6.503e+01]
   [2.738e-03 3.344e+00 6.582e+00 9.825e+00 1.302e+01 1.626e+01
    1.957e+01 2.271e+01 2.594e+01 2.923e+01 3.241e+01 3.565e+01
    3.880e+01 4.227e+01 4.567e+01 4.884e+01 5.211e+01 5.548e+01
    5.865e+01 6.193e+01 6.525e+01]
   [2.831e-03 3.234e+00 6.659e+00 1.007e+01 1.331e+01 1.700e+01
    2.032e+01 2.357e+01 2.711e+01 3.065e+01 3.404e+01 3.739e+01
    4.087e+01 4.445e+01 4.774e+01 5.110e+01 5.446e+01 5.773e+01
    6.121e+01 6.453e+01 6.778e+01]
   [2.413e-03 4.010e+00 7.563e+00 1.116e+01 1.476e+01 1.837e+01
    2.197e+01 2.543e+01 2.901e+01 3.255e+01 3.608e+01 3.961e+01
    4.335e+01 4.689e+01 5.039e+01 5.396e+01 5.751e+01 6.100e+01
    6.458e+01 6.813e+01 7.169e+01]
   [3.018e-03 3.487e+00 7.148e+00 1.082e+01 1.448e+01 1.806e+01
    2.162e+01 2.521e+01 2.869e+01 3.224e+01 3.591e+01 3.942e+01
    4.298e+01 4.656e+01 5.012e+01 5.369e+01 5.747e+01 6.120e+01
    6.478e+01 6.829e+01 7.199e+01]]

  [[3.206e-03 3.322e+00 6.486e+00 9.801e+00 1.310e+01 1.627e+01
    1.982e+01 2.310e+01 2.624e+01 2.945e+01 3.272e+01 3.589e+01
    3.918e+01 4.247e+01 4.569e+01 4.901e+01 5.215e+01 5.538e+01
    5.870e+01 6.187e+01 6.512e+01]
   [2.623e-03 3.281e+00 6.453e+00 9.713e+00 1.299e+01 1.615e+01
    1.938e+01 2.263e+01 2.578e+01 2.900e+01 3.216e+01 3.550e+01
    3.888e+01 4.204e+01 4.539e+01 4.879e+01 5.194e+01 5.518e+01
    5.861e+01 6.178e+01 6.528e+01]
   [3.139e-03 3.277e+00 6.456e+00 1.002e+01 1.328e+01 1.643e+01
    1.981e+01 2.323e+01 2.647e+01 2.983e+01 3.314e+01 3.629e+01
    3.965e+01 4.361e+01 4.734e+01 5.077e+01 5.411e+01 5.744e+01
    6.078e+01 6.400e+01 6.732e+01]
   [3.481e-03 3.348e+00 6.684e+00 9.998e+00 1.365e+01 1.823e+01
    2.200e+01 2.534e+01 2.876e+01 3.245e+01 3.587e+01 3.920e+01
    4.261e+01 4.620e+01 4.947e+01 5.325e+01 5.659e+01 5.991e+01
    6.317e+01 6.663e+01 6.993e+01]
   [3.103e-03 3.520e+00 7.108e+00 1.073e+01 1.422e+01 1.847e+01
    2.203e+01 2.566e+01 2.915e+01 3.300e+01 3.658e+01 4.018e+01
    4.379e+01 4.739e+01 5.125e+01 5.473e+01 5.834e+01 6.201e+01
    6.560e+01 6.913e+01 7.272e+01]
   [2.459e-03 3.620e+00 7.122e+00 1.065e+01 1.433e+01 1.791e+01
    2.142e+01 2.522e+01 2.884e+01 3.240e+01 3.592e+01 3.948e+01
    4.317e+01 4.666e+01 5.031e+01 5.388e+01 5.746e+01 6.111e+01
    6.477e+01 6.839e+01 7.203e+01]]

  [[2.751e-03 3.671e+00 7.145e+00 1.049e+01 1.374e+01 1.717e+01
    2.071e+01 2.410e+01 2.737e+01 3.062e+01 3.386e+01 3.717e+01
    4.037e+01 4.361e+01 4.686e+01 5.000e+01 5.330e+01 5.657e+01
    5.982e+01 6.305e+01 6.626e+01]
   [3.176e-03 3.172e+00 6.416e+00 9.657e+00 1.296e+01 1.623e+01
    1.961e+01 2.282e+01 2.606e+01 2.931e+01 3.260e+01 3.585e+01
    3.908e+01 4.228e+01 4.552e+01 4.867e+01 5.214e+01 5.547e+01
    5.888e+01 6.253e+01 6.591e+01]
   [2.431e-03 3.342e+00 6.966e+00 1.032e+01 1.366e+01 1.726e+01
    2.059e+01 2.392e+01 2.726e+01 3.066e+01 3.395e+01 3.729e+01
    4.068e+01 4.396e+01 4.742e+01 5.076e+01 5.410e+01 5.740e+01
    6.070e+01 6.406e+01 6.741e+01]
   [2.735e-03 3.837e+00 7.499e+00 1.109e+01 1.439e+01 1.798e+01
    2.136e+01 2.483e+01 2.819e+01 3.159e+01 3.486e+01 3.817e+01
    4.157e+01 4.480e+01 4.833e+01 5.178e+01 5.502e+01 5.839e+01
    6.172e+01 6.498e+01 6.838e+01]
   [2.565e-03 3.576e+00 7.046e+00 1.061e+01 1.422e+01 1.787e+01
    2.139e+01 2.495e+01 2.862e+01 3.229e+01 3.597e+01 3.964e+01
    4.327e+01 4.682e+01 5.060e+01 5.415e+01 5.770e+01 6.122e+01
    6.481e+01 6.851e+01 7.207e+01]
   [2.326e-03 3.537e+00 7.197e+00 1.077e+01 1.437e+01 1.830e+01
    2.207e+01 2.577e+01 2.932e+01 3.288e+01 3.642e+01 3.992e+01
    4.350e+01 4.712e+01 5.115e+01 5.484e+01 5.915e+01 6.454e+01
    6.886e+01 7.260e+01 7.618e+01]]

  [[2.344e-03 3.217e+00 6.586e+00 9.876e+00 1.320e+01 1.650e+01
    1.981e+01 2.334e+01 2.663e+01 3.002e+01 3.322e+01 3.712e+01
    4.043e+01 4.368e+01 4.750e+01 5.086e+01 5.410e+01 5.736e+01
    6.066e+01 6.396e+01 6.732e+01]
   [2.129e-03 3.484e+00 7.038e+00 1.027e+01 1.358e+01 1.689e+01
    2.013e+01 2.370e+01 2.704e+01 3.045e+01 3.378e+01 3.698e+01
    4.018e+01 4.347e+01 4.662e+01 4.990e+01 5.315e+01 5.631e+01
    5.998e+01 6.323e+01 6.638e+01]
   [2.534e-03 3.338e+00 6.654e+00 9.890e+00 1.321e+01 1.662e+01
    1.983e+01 2.340e+01 2.664e+01 2.982e+01 3.333e+01 3.661e+01
    3.976e+01 4.313e+01 4.697e+01 5.104e+01 5.445e+01 5.908e+01
    6.255e+01 6.606e+01 7.032e+01]
   [5.741e-03 3.443e+00 6.810e+00 1.006e+01 1.335e+01 1.674e+01
    2.019e+01 2.358e+01 2.705e+01 3.039e+01 3.363e+01 3.698e+01
    4.046e+01 4.371e+01 4.703e+01 5.031e+01 5.357e+01 5.701e+01
    6.039e+01 6.362e+01 6.693e+01]
   [2.649e-03 3.568e+00 7.095e+00 1.063e+01 1.419e+01 1.764e+01
    2.148e+01 2.505e+01 2.862e+01 3.220e+01 3.587e+01 3.970e+01
    4.329e+01 4.678e+01 5.038e+01 5.402e+01 5.767e+01 6.122e+01
    6.504e+01 6.857e+01 7.206e+01]
   [2.496e-03 3.622e+00 7.266e+00 1.073e+01 1.429e+01 1.811e+01
    2.239e+01 2.696e+01 3.153e+01 3.640e+01 4.086e+01 4.545e+01
    5.009e+01 5.458e+01 5.948e+01 6.483e+01 6.984e+01 7.458e+01
    7.918e+01 8.379e+01 8.903e+01]]]


 [[[4.900e-03 7.703e+00 1.525e+01 2.300e+01 3.045e+01 3.817e+01
    4.558e+01 5.348e+01 6.143e+01 6.954e+01 7.718e+01 8.480e+01
    9.274e+01 1.003e+02 1.079e+02 1.160e+02 1.236e+02 1.313e+02
    1.390e+02 1.465e+02 1.549e+02]
   [4.763e-03 8.438e+00 1.613e+01 2.373e+01 3.111e+01 3.880e+01
    4.622e+01 5.391e+01 6.135e+01 6.915e+01 7.668e+01 8.453e+01
    9.302e+01 1.009e+02 1.085e+02 1.161e+02 1.240e+02 1.317e+02
    1.395e+02 1.472e+02 1.555e+02]
   [4.098e-03 8.498e+00 1.540e+01 2.213e+01 2.833e+01 3.623e+01
    4.371e+01 5.148e+01 5.854e+01 6.534e+01 7.144e+01 7.770e+01
    8.371e+01 9.016e+01 9.630e+01 1.027e+02 1.090e+02 1.164e+02
    1.243e+02 1.308e+02 1.369e+02]
   [4.070e-03 6.337e+00 1.293e+01 1.947e+01 2.632e+01 3.259e+01
    3.903e+01 4.538e+01 5.149e+01 5.773e+01 6.389e+01 7.008e+01
    7.615e+01 8.250e+01 8.873e+01 9.507e+01 1.012e+02 1.077e+02
    1.142e+02 1.211e+02 1.274e+02]
   [3.447e-03 6.776e+00 1.355e+01 2.019e+01 2.701e+01 3.377e+01
    4.034e+01 4.687e+01 5.392e+01 6.050e+01 6.725e+01 7.395e+01
    8.053e+01 8.741e+01 9.436e+01 1.012e+02 1.079e+02 1.145e+02
    1.211e+02 1.278e+02 1.346e+02]
   [3.374e-03 6.784e+00 1.387e+01 2.053e+01 2.730e+01 3.401e+01
    4.068e+01 4.854e+01 5.522e+01 6.198e+01 6.872e+01 7.533e+01
    8.200e+01 8.869e+01 9.654e+01 1.036e+02 1.102e+02 1.167e+02
    1.237e+02 1.307e+02 1.373e+02]]

  [[3.511e-03 6.103e+00 1.208e+01 1.798e+01 2.394e+01 3.017e+01
    3.635e+01 4.238e+01 4.835e+01 5.439e+01 6.101e+01 6.719e+01
    7.309e+01 7.904e+01 8.515e+01 9.141e+01 9.736e+01 1.034e+02
    1.099e+02 1.162e+02 1.223e+02]
   [3.391e-03 5.943e+00 1.190e+01 1.792e+01 2.471e+01 3.068e+01
    3.671e+01 4.300e+01 4.899e+01 5.512e+01 6.110e+01 6.708e+01
    7.307e+01 7.915e+01 8.516e+01 9.189e+01 9.791e+01 1.040e+02
    1.102e+02 1.162e+02 1.224e+02]
   [3.618e-03 6.161e+00 1.222e+01 1.835e+01 2.461e+01 3.085e+01
    3.692e+01 4.329e+01 4.967e+01 5.568e+01 6.184e+01 6.796e+01
    7.444e+01 8.057e+01 8.671e+01 9.275e+01 9.882e+01 1.049e+02
    1.115e+02 1.175e+02 1.240e+02]
   [4.218e-03 6.257e+00 1.256e+01 1.870e+01 2.516e+01 3.134e+01
    3.755e+01 4.372e+01 4.993e+01 5.630e+01 6.251e+01 6.891e+01
    7.522e+01 8.139e+01 8.765e+01 9.379e+01 1.001e+02 1.064e+02
    1.128e+02 1.190e+02 1.251e+02]
   [3.728e-03 6.715e+00 1.516e+01 2.318e+01 2.973e+01 3.634e+01
    4.319e+01 4.977e+01 5.636e+01 6.320e+01 6.992e+01 7.656e+01
    8.320e+01 8.980e+01 9.705e+01 1.039e+02 1.107e+02 1.176e+02
    1.242e+02 1.313e+02 1.379e+02]
   [3.498e-03 7.042e+00 1.359e+01 2.031e+01 2.698e+01 3.395e+01
    4.057e+01 4.718e+01 5.379e+01 6.040e+01 6.699e+01 7.364e+01
    8.038e+01 8.739e+01 9.423e+01 1.010e+02 1.077e+02 1.144e+02
    1.210e+02 1.275e+02 1.342e+02]]

  [[3.245e-03 5.941e+00 1.193e+01 1.786e+01 2.380e+01 2.980e+01
    3.579e+01 4.177e+01 4.802e+01 5.403e+01 6.026e+01 6.633e+01
    7.230e+01 7.824e+01 8.451e+01 9.048e+01 9.648e+01 1.025e+02
    1.085e+02 1.144e+02 1.206e+02]
   [3.619e-03 6.328e+00 1.227e+01 1.860e+01 2.465e+01 3.058e+01
    3.654e+01 4.250e+01 4.888e+01 5.487e+01 6.105e+01 6.752e+01
    7.355e+01 7.985e+01 8.579e+01 9.169e+01 9.775e+01 1.038e+02
    1.099e+02 1.158e+02 1.219e+02]
   [3.931e-03 6.086e+00 1.247e+01 1.870e+01 2.467e+01 3.064e+01
    3.666e+01 4.273e+01 4.867e+01 5.474e+01 6.076e+01 6.696e+01
    7.302e+01 7.973e+01 8.568e+01 9.246e+01 9.945e+01 1.059e+02
    1.119e+02 1.181e+02 1.241e+02]
   [3.294e-03 6.139e+00 1.262e+01 1.882e+01 2.489e+01 3.097e+01
    3.706e+01 4.328e+01 4.935e+01 5.543e+01 6.175e+01 6.795e+01
    7.426e+01 8.044e+01 8.653e+01 9.268e+01 9.899e+01 1.053e+02
    1.114e+02 1.181e+02 1.252e+02]
   [3.366e-03 6.822e+00 1.413e+01 2.115e+01 2.787e+01 3.480e+01
    4.271e+01 4.995e+01 5.702e+01 6.472e+01 7.138e+01 7.824e+01
    8.493e+01 9.217e+01 9.911e+01 1.059e+02 1.136e+02 1.209e+02
    1.276e+02 1.345e+02 1.413e+02]
   [3.544e-03 6.798e+00 1.376e+01 2.071e+01 2.761e+01 3.469e+01
    4.148e+01 4.889e+01 5.615e+01 6.343e+01 7.036e+01 7.856e+01
    8.575e+01 9.265e+01 1.003e+02 1.092e+02 1.167e+02 1.245e+02
    1.336e+02 1.433e+02 1.502e+02]]

  [[3.395e-03 6.610e+00 1.361e+01 1.965e+01 2.586e+01 3.224e+01
    3.944e+01 4.555e+01 5.185e+01 5.898e+01 6.580e+01 7.223e+01
    7.859e+01 8.456e+01 9.047e+01 9.674e+01 1.030e+02 1.098e+02
    1.165e+02 1.234e+02 1.303e+02]
   [3.476e-03 6.361e+00 1.298e+01 1.900e+01 2.557e+01 3.257e+01
    3.864e+01 4.548e+01 5.154e+01 5.809e+01 6.405e+01 7.009e+01
    7.616e+01 8.274e+01 8.884e+01 9.493e+01 1.014e+02 1.077e+02
    1.141e+02 1.205e+02 1.275e+02]
   [7.156e-03 6.682e+00 1.275e+01 1.920e+01 2.525e+01 3.128e+01
    3.768e+01 4.371e+01 5.073e+01 5.714e+01 6.338e+01 6.954e+01
    7.561e+01 8.185e+01 8.782e+01 9.423e+01 1.003e+02 1.067e+02
    1.127e+02 1.190e+02 1.253e+02]
   [4.477e-03 6.622e+00 1.286e+01 1.914e+01 2.535e+01 3.164e+01
    3.787e+01 4.416e+01 5.028e+01 5.648e+01 6.326e+01 6.939e+01
    7.561e+01 8.174e+01 8.786e+01 9.414e+01 1.004e+02 1.066e+02
    1.127e+02 1.190e+02 1.255e+02]
   [3.141e-03 7.054e+00 1.387e+01 2.051e+01 2.710e+01 3.385e+01
    4.052e+01 4.750e+01 5.433e+01 6.101e+01 6.769e+01 7.448e+01
    8.165e+01 8.842e+01 9.523e+01 1.019e+02 1.089e+02 1.158e+02
    1.223e+02 1.291e+02 1.357e+02]
   [3.600e-03 6.647e+00 1.341e+01 2.001e+01 2.713e+01 3.422e+01
    4.086e+01 4.755e+01 5.444e+01 6.128e+01 6.826e+01 7.529e+01
    8.229e+01 8.901e+01 9.595e+01 1.026e+02 1.093e+02 1.193e+02
    1.260e+02 1.331e+02 1.401e+02]]

  [[3.453e-03 6.106e+00 1.244e+01 1.858e+01 2.471e+01 3.091e+01
    3.709e+01 4.326e+01 4.920e+01 5.513e+01 6.122e+01 6.792e+01
    7.389e+01 8.030e+01 8.671e+01 9.275e+01 9.873e+01 1.047e+02
    1.108e+02 1.169e+02 1.231e+02]
   [3.833e-03 6.160e+00 1.253e+01 1.864e+01 2.505e+01 3.127e+01
    3.771e+01 4.446e+01 5.087e+01 5.694e+01 6.304e+01 6.923e+01
    7.525e+01 8.124e+01 8.720e+01 9.320e+01 9.936e+01 1.053e+02
    1.115e+02 1.174e+02 1.234e+02]
   [3.975e-03 6.167e+00 1.230e+01 1.846e+01 2.444e+01 3.047e+01
    3.658e+01 4.259e+01 4.860e+01 5.477e+01 6.085e+01 6.699e+01
    7.295e+01 7.891e+01 8.539e+01 9.153e+01 9.775e+01 1.041e+02
    1.102e+02 1.163e+02 1.223e+02]
   [3.430e-03 6.127e+00 1.241e+01 1.880e+01 2.501e+01 3.114e+01
    3.722e+01 4.345e+01 4.973e+01 5.618e+01 6.232e+01 6.846e+01
    7.475e+01 8.095e+01 8.716e+01 9.331e+01 9.948e+01 1.056e+02
    1.119e+02 1.182e+02 1.246e+02]
   [3.352e-03 6.658e+00 1.355e+01 2.066e+01 2.736e+01 3.408e+01
    4.094e+01 4.769e+01 5.448e+01 6.160e+01 6.892e+01 7.578e+01
    8.394e+01 9.061e+01 9.884e+01 1.063e+02 1.130e+02 1.199e+02
    1.265e+02 1.332e+02 1.401e+02]
   [4.183e-03 6.633e+00 1.321e+01 1.994e+01 2.677e+01 3.336e+01
    4.021e+01 4.701e+01 5.406e+01 6.065e+01 6.728e+01 7.405e+01
    8.097e+01 8.770e+01 9.441e+01 1.013e+02 1.078e+02 1.148e+02
    1.215e+02 1.281e+02 1.348e+02]]

  [[4.061e-03 6.319e+00 1.264e+01 1.894e+01 2.530e+01 3.155e+01
    3.806e+01 4.513e+01 5.162e+01 5.806e+01 6.431e+01 7.049e+01
    7.670e+01 8.325e+01 8.968e+01 9.585e+01 1.020e+02 1.082e+02
    1.148e+02 1.211e+02 1.273e+02]
   [3.243e-03 6.322e+00 1.271e+01 1.889e+01 2.503e+01 3.115e+01
    3.763e+01 4.401e+01 5.016e+01 5.628e+01 6.251e+01 6.852e+01
    7.450e+01 8.099e+01 8.795e+01 9.612e+01 1.027e+02 1.089e+02
    1.150e+02 1.212e+02 1.273e+02]
   [3.560e-03 6.304e+00 1.255e+01 1.905e+01 2.527e+01 3.167e+01
    3.775e+01 4.446e+01 5.060e+01 5.658e+01 6.267e+01 6.894e+01
    7.515e+01 8.124e+01 8.730e+01 9.345e+01 9.951e+01 1.056e+02
    1.118e+02 1.180e+02 1.243e+02]
   [4.536e-03 7.165e+00 1.367e+01 1.992e+01 2.703e+01 3.374e+01
    3.985e+01 4.621e+01 5.245e+01 5.889e+01 6.510e+01 7.147e+01
    7.848e+01 8.551e+01 9.220e+01 9.855e+01 1.047e+02 1.114e+02
    1.177e+02 1.239e+02 1.307e+02]
   [3.408e-03 6.611e+00 1.363e+01 2.046e+01 2.702e+01 3.368e+01
    4.036e+01 4.701e+01 5.357e+01 6.022e+01 6.680e+01 7.342e+01
    8.027e+01 8.684e+01 9.344e+01 1.010e+02 1.076e+02 1.151e+02
    1.217e+02 1.286e+02 1.353e+02]
   [3.303e-03 6.692e+00 1.323e+01 1.994e+01 2.658e+01 3.322e+01
    4.003e+01 4.694e+01 5.354e+01 6.019e+01 6.682e+01 7.387e+01
    8.056e+01 8.745e+01 9.476e+01 1.014e+02 1.080e+02 1.153e+02
    1.220e+02 1.286e+02 1.353e+02]]]


 [[[4.680e-03 9.693e+00 1.929e+01 2.881e+01 3.831e+01 4.818e+01
    5.862e+01 6.860e+01 7.822e+01 8.842e+01 9.839e+01 1.079e+02
    1.175e+02 1.270e+02 1.369e+02 1.468e+02 1.563e+02 1.663e+02
    1.760e+02 1.857e+02 1.956e+02]
   [4.245e-03 9.599e+00 1.917e+01 3.057e+01 4.146e+01 5.110e+01
    6.073e+01 7.040e+01 8.018e+01 8.976e+01 9.969e+01 1.093e+02
    1.190e+02 1.287e+02 1.386e+02 1.483e+02 1.577e+02 1.674e+02
    1.771e+02 1.867e+02 1.962e+02]
   [4.271e-03 9.666e+00 1.936e+01 2.897e+01 3.866e+01 4.891e+01
    5.905e+01 6.879e+01 7.834e+01 8.800e+01 9.778e+01 1.074e+02
    1.175e+02 1.274e+02 1.372e+02 1.468e+02 1.566e+02 1.669e+02
    1.768e+02 1.863e+02 1.961e+02]
   [4.345e-03 9.847e+00 2.015e+01 3.053e+01 4.040e+01 5.018e+01
    6.014e+01 6.988e+01 7.972e+01 8.963e+01 9.935e+01 1.095e+02
    1.192e+02 1.294e+02 1.394e+02 1.494e+02 1.596e+02 1.697e+02
    1.795e+02 1.895e+02 1.993e+02]
   [3.893e-03 1.132e+01 2.253e+01 3.428e+01 4.638e+01 5.757e+01
    6.817e+01 7.893e+01 8.967e+01 1.008e+02 1.114e+02 1.224e+02
    1.333e+02 1.439e+02 1.546e+02 1.652e+02 1.763e+02 1.875e+02
    1.982e+02 2.091e+02 2.198e+02]
   [4.102e-03 1.080e+01 2.174e+01 3.278e+01 4.394e+01 5.489e+01
    6.562e+01 7.623e+01 8.717e+01 9.846e+01 1.091e+02 1.201e+02
    1.308e+02 1.415e+02 1.523e+02 1.632e+02 1.744e+02 1.854e+02
    1.960e+02 2.067e+02 2.177e+02]]

  [[4.170e-03 9.663e+00 1.943e+01 2.908e+01 3.866e+01 4.460e+03
    4.476e+03 4.487e+03 4.497e+03 4.508e+03 4.521e+03 4.532e+03
    4.544e+03 4.554e+03 4.565e+03 4.574e+03 4.585e+03 4.596e+03
    4.606e+03 4.616e+03 4.627e+03]
   [6.005e-03 1.004e+01 2.065e+01 3.066e+01 4.118e+01 5.117e+01
    6.144e+01 7.127e+01 8.105e+01 9.130e+01 1.013e+02 1.113e+02
    1.213e+02 1.314e+02 1.417e+02 1.516e+02 1.617e+02 1.717e+02
    1.818e+02 1.921e+02 2.021e+02]
   [4.395e-03 9.918e+00 2.012e+01 3.019e+01 4.097e+01 5.233e+01
    6.315e+01 7.455e+01 8.554e+01 9.560e+01 1.055e+02 1.160e+02
    1.270e+02 1.373e+02 1.473e+02 1.572e+02 1.672e+02 1.786e+02
    1.891e+02 1.996e+02 2.103e+02]
   [3.958e-03 1.035e+01 2.057e+01 3.133e+01 4.116e+01 5.126e+01
    6.144e+01 7.183e+01 8.247e+01 9.236e+01 1.023e+02 1.122e+02
    1.220e+02 1.321e+02 1.427e+02 1.527e+02 1.630e+02 1.730e+02
    1.832e+02 1.934e+02 2.033e+02]
   [4.876e-03 1.091e+01 2.190e+01 3.355e+01 4.454e+01 5.572e+01
    6.716e+01 7.791e+01 8.858e+01 9.942e+01 1.115e+02 1.225e+02
    1.332e+02 1.443e+02 1.551e+02 1.659e+02 1.768e+02 1.878e+02
    1.984e+02 2.097e+02 2.205e+02]
   [4.602e-03 1.074e+01 2.150e+01 3.272e+01 4.345e+01 5.470e+01
    6.543e+01 7.634e+01 8.718e+01 9.840e+01 1.093e+02 1.204e+02
    1.315e+02 1.435e+02 1.541e+02 1.648e+02 1.802e+02 1.913e+02
    2.025e+02 2.148e+02 2.260e+02]]

  [[4.436e-03 9.556e+00 1.922e+01 2.889e+01 3.891e+01 4.857e+01
    5.899e+01 6.906e+01 7.881e+01 8.871e+01 9.920e+01 1.091e+02
    1.188e+02 1.286e+02 1.395e+02 1.497e+02 1.596e+02 1.693e+02
    1.790e+02 1.889e+02 1.988e+02]
   [4.937e-03 9.830e+00 1.948e+01 2.900e+01 3.862e+01 4.882e+01
    5.984e+01 6.971e+01 7.950e+01 8.935e+01 9.929e+01 1.102e+02
    1.207e+02 1.312e+02 1.418e+02 1.516e+02 1.616e+02 1.719e+02
    1.831e+02 1.937e+02 2.044e+02]
   [3.840e-03 1.050e+01 2.065e+01 3.115e+01 4.085e+01 5.094e+01
    6.236e+01 7.229e+01 8.268e+01 9.292e+01 1.027e+02 1.154e+02
    1.256e+02 1.358e+02 1.459e+02 1.558e+02 1.656e+02 1.750e+02
    1.856e+02 1.955e+02 2.050e+02]
   [4.438e-03 1.011e+01 2.064e+01 3.171e+01 4.224e+01 5.345e+01
    6.464e+01 7.487e+01 8.530e+01 9.505e+01 1.050e+02 1.150e+02
    1.248e+02 1.348e+02 1.448e+02 1.560e+02 1.674e+02 1.776e+02
    1.890e+02 1.988e+02 2.090e+02]
   [6.837e-03 1.196e+01 2.329e+01 3.486e+01 4.649e+01 6.068e+01
    7.218e+01 8.301e+01 9.394e+01 1.052e+02 1.163e+02 1.275e+02
    1.392e+02 1.512e+02 1.642e+02 1.769e+02 1.885e+02 2.001e+02
    2.146e+02 2.276e+02 2.398e+02]
   [4.324e-03 1.254e+01 2.384e+01 3.675e+01 4.799e+01 6.058e+01
    7.148e+01 8.251e+01 9.389e+01 1.057e+02 1.177e+02 1.293e+02
    1.412e+02 1.534e+02 1.652e+02 1.776e+02 1.896e+02 2.016e+02
    2.130e+02 2.240e+02 2.353e+02]]

  [[4.736e-03 1.012e+01 2.005e+01 3.002e+01 4.074e+01 5.056e+01
    6.122e+01 7.160e+01 8.261e+01 9.232e+01 1.021e+02 1.131e+02
    1.233e+02 1.331e+02 1.434e+02 1.534e+02 1.632e+02 1.734e+02
    1.831e+02 1.929e+02 2.028e+02]
   [4.103e-03 9.819e+00 1.966e+01 3.020e+01 3.994e+01 4.965e+01
    5.995e+01 7.061e+01 8.042e+01 9.065e+01 1.002e+02 1.104e+02
    1.225e+02 1.331e+02 1.456e+02 1.565e+02 1.702e+02 1.808e+02
    1.904e+02 1.999e+02 2.094e+02]
   [4.844e-03 1.171e+01 2.335e+01 3.515e+01 4.508e+01 5.522e+01
    6.702e+01 7.868e+01 8.851e+01 9.875e+01 1.085e+02 1.181e+02
    1.280e+02 1.380e+02 1.475e+02 1.577e+02 1.679e+02 1.778e+02
    1.877e+02 1.999e+02 2.115e+02]
   [4.406e-03 1.005e+01 2.352e+01 3.390e+01 4.452e+01 5.543e+01
    6.601e+01 7.692e+01 8.779e+01 9.910e+01 1.088e+02 1.186e+02
    1.283e+02 1.383e+02 1.481e+02 1.580e+02 1.679e+02 1.779e+02
    1.876e+02 1.973e+02 2.070e+02]
   [4.489e-03 1.223e+01 2.840e+01 4.131e+01 5.351e+01 6.516e+01
    7.708e+01 8.948e+01 1.042e+02 1.177e+02 1.314e+02 1.447e+02
    1.598e+02 1.754e+02 1.909e+02 2.051e+02 2.180e+02 2.318e+02
    2.462e+02 2.601e+02 2.756e+02]
   [5.792e-03 1.437e+01 2.726e+01 4.055e+01 5.442e+01 6.718e+01
    8.149e+01 9.429e+01 1.077e+02 1.218e+02 1.351e+02 1.483e+02
    1.615e+02 1.744e+02 1.872e+02 2.000e+02 2.126e+02 2.254e+02
    2.384e+02 2.523e+02 2.665e+02]]

  [[4.802e-03 1.199e+01 2.381e+01 3.577e+01 4.786e+01 5.941e+01
    7.123e+01 8.273e+01 9.433e+01 1.056e+02 1.180e+02 1.294e+02
    1.403e+02 1.514e+02 1.629e+02 1.740e+02 1.852e+02 1.964e+02
    2.079e+02 2.197e+02 2.315e+02]
   [5.347e-03 1.233e+01 2.544e+01 3.714e+01 4.875e+01 6.062e+01
    7.328e+01 8.497e+01 9.645e+01 1.082e+02 1.198e+02 1.315e+02
    1.432e+02 1.548e+02 1.662e+02 1.779e+02 1.896e+02 2.011e+02
    2.126e+02 2.245e+02 2.365e+02]
   [4.396e-03 1.185e+01 2.357e+01 3.500e+01 4.664e+01 5.819e+01
    6.980e+01 8.121e+01 9.289e+01 1.046e+02 1.168e+02 1.287e+02
    1.401e+02 1.519e+02 1.635e+02 1.750e+02 1.865e+02 1.980e+02
    2.095e+02 2.212e+02 2.329e+02]
   [5.277e-03 1.189e+01 2.385e+01 3.550e+01 4.739e+01 5.912e+01
    7.106e+01 8.275e+01 9.471e+01 1.068e+02 1.188e+02 1.307e+02
    1.430e+02 1.562e+02 1.681e+02 1.800e+02 1.917e+02 2.034e+02
    2.151e+02 2.270e+02 2.388e+02]
   [5.182e-03 1.298e+01 2.575e+01 3.881e+01 5.197e+01 6.522e+01
    7.854e+01 9.189e+01 1.049e+02 1.179e+02 1.310e+02 1.439e+02
    1.569e+02 1.696e+02 1.823e+02 1.951e+02 2.077e+02 2.205e+02
    2.335e+02 2.462e+02 2.592e+02]
   [4.431e-03 1.297e+01 2.579e+01 3.879e+01 5.208e+01 6.507e+01
    7.798e+01 9.075e+01 1.037e+02 1.164e+02 1.290e+02 1.418e+02
    1.558e+02 1.688e+02 1.825e+02 1.962e+02 2.095e+02 2.233e+02
    2.369e+02 2.536e+02 2.668e+02]]

  [[4.500e-03 1.215e+01 2.428e+01 3.635e+01 4.827e+01 6.027e+01
    7.247e+01 8.460e+01 9.731e+01 1.097e+02 1.220e+02 1.343e+02
    1.461e+02 1.578e+02 1.696e+02 1.815e+02 1.933e+02 2.052e+02
    2.166e+02 2.282e+02 2.398e+02]
   [4.347e-03 1.208e+01 2.406e+01 3.577e+01 4.737e+01 5.902e+01
    7.069e+01 8.222e+01 9.364e+01 1.047e+02 1.155e+02 1.264e+02
    1.374e+02 1.485e+02 1.597e+02 1.725e+02 1.849e+02 1.972e+02
    2.099e+02 2.233e+02 2.367e+02]
   [5.086e-03 1.318e+01 2.644e+01 3.916e+01 5.222e+01 6.490e+01
    7.763e+01 9.068e+01 1.043e+02 1.180e+02 1.306e+02 1.433e+02
    1.557e+02 1.682e+02 1.807e+02 1.935e+02 2.061e+02 2.185e+02
    2.312e+02 2.433e+02 2.558e+02]
   [5.183e-03 1.252e+01 2.494e+01 3.739e+01 4.997e+01 6.339e+01
    7.639e+01 8.942e+01 1.026e+02 1.158e+02 1.292e+02 1.420e+02
    1.551e+02 1.682e+02 1.816e+02 1.949e+02 2.081e+02 2.213e+02
    2.349e+02 2.484e+02 2.615e+02]
   [7.049e-03 1.450e+01 2.889e+01 4.371e+01 5.810e+01 7.265e+01
    8.692e+01 1.015e+02 1.160e+02 1.306e+02 1.454e+02 1.605e+02
    1.748e+02 1.910e+02 2.057e+02 2.200e+02 2.340e+02 2.479e+02
    2.618e+02 2.761e+02 2.905e+02]
   [4.609e-03 1.443e+01 2.897e+01 4.303e+01 5.706e+01 7.133e+01
    8.543e+01 9.987e+01 1.148e+02 1.294e+02 1.438e+02 1.581e+02
    1.722e+02 1.863e+02 2.005e+02 2.145e+02 2.289e+02 2.428e+02
    2.569e+02 2.711e+02 2.855e+02]]]


 [[[9.962e-03 4.780e+01 9.591e+01 1.436e+02 1.907e+02 2.388e+02
    2.837e+02 3.306e+02 3.738e+02 4.180e+02 4.629e+02 5.069e+02
    5.543e+02 5.996e+02 6.432e+02 6.873e+02 7.320e+02 7.767e+02
    8.241e+02 8.681e+02 9.126e+02]
   [1.038e-02 4.331e+01 8.692e+01 1.307e+02 1.742e+02 2.170e+02
    2.605e+02 3.041e+02 3.479e+02 4.005e+02 4.534e+02 5.091e+02
    5.616e+02 6.138e+02 6.689e+02 7.209e+02 7.715e+02 8.233e+02
    8.743e+02 9.260e+02 9.765e+02]
   [1.028e-02 5.220e+01 1.034e+02 1.597e+02 2.106e+02 2.626e+02
    3.136e+02 3.663e+02 4.171e+02 4.680e+02 5.210e+02 5.719e+02
    6.242e+02 6.749e+02 7.136e+02 7.512e+02 7.888e+02 8.269e+02
    8.635e+02 9.001e+02 9.382e+02]
   [7.984e-03 3.764e+01 7.555e+01 1.126e+02 1.497e+02 1.878e+02
    2.243e+02 2.606e+02 2.976e+02 3.350e+02 3.719e+02 4.093e+02
    4.459e+02 4.825e+02 5.200e+02 5.564e+02 5.931e+02 6.302e+02
    6.674e+02 7.113e+02 7.486e+02]
   [7.578e-03 4.040e+01 8.228e+01 1.225e+02 1.622e+02 2.023e+02
    2.436e+02 2.839e+02 3.251e+02 3.656e+02 4.057e+02 4.456e+02
    4.857e+02 5.249e+02 5.652e+02 6.086e+02 6.491e+02 6.897e+02
    7.315e+02 7.737e+02 8.145e+02]
   [8.523e-03 4.175e+01 8.236e+01 1.224e+02 1.621e+02 2.025e+02
    2.437e+02 2.850e+02 3.251e+02 3.657e+02 4.065e+02 4.473e+02
    4.873e+02 5.288e+02 5.697e+02 6.112e+02 6.531e+02 6.924e+02
    7.333e+02 7.731e+02 8.131e+02]]

  [[8.573e-03 3.631e+01 7.167e+01 1.091e+02 1.455e+02 1.818e+02
    2.182e+02 2.557e+02 2.929e+02 3.319e+02 3.698e+02 4.215e+02
    4.628e+02 5.042e+02 5.495e+02 5.941e+02 6.391e+02 6.835e+02
    7.270e+02 7.712e+02 8.152e+02]
   [9.242e-03 4.550e+01 9.069e+01 1.360e+02 1.817e+02 2.316e+02
    2.764e+02 3.206e+02 3.648e+02 4.113e+02 4.566e+02 5.008e+02
    5.449e+02 5.897e+02 6.435e+02 6.945e+02 7.389e+02 7.838e+02
    8.320e+02 8.765e+02 9.218e+02]
   [9.074e-03 4.606e+01 9.042e+01 1.316e+02 1.712e+02 2.111e+02
    2.503e+02 2.880e+02 3.249e+02 3.630e+02 4.021e+02 4.398e+02
    4.793e+02 5.162e+02 5.525e+02 5.932e+02 6.308e+02 6.689e+02
    7.069e+02 7.431e+02 7.806e+02]
   [7.749e-03 3.671e+01 7.395e+01 1.109e+02 1.485e+02 1.850e+02
    2.217e+02 2.603e+02 3.002e+02 3.369e+02 3.769e+02 4.174e+02
    4.575e+02 5.023e+02 5.502e+02 5.945e+02 6.383e+02 6.824e+02
    7.307e+02 7.795e+02 8.270e+02]
   [1.115e-02 5.052e+01 1.042e+02 1.518e+02 1.993e+02 2.457e+02
    2.934e+02 3.401e+02 3.870e+02 4.332e+02 4.801e+02 5.279e+02
    5.744e+02 6.218e+02 6.721e+02 7.192e+02 7.660e+02 8.124e+02
    8.598e+02 9.088e+02 9.596e+02]
   [9.068e-03 4.957e+01 9.844e+01 1.440e+02 1.947e+02 2.461e+02
    2.975e+02 3.482e+02 3.977e+02 4.495e+02 5.034e+02 5.602e+02
    6.105e+02 6.573e+02 7.046e+02 7.521e+02 7.996e+02 8.485e+02
    8.971e+02 9.452e+02 9.908e+02]]

  [[9.155e-03 4.121e+01 8.397e+01 1.273e+02 1.692e+02 2.121e+02
    2.538e+02 2.952e+02 3.370e+02 3.790e+02 4.203e+02 4.628e+02
    5.071e+02 5.526e+02 5.961e+02 6.384e+02 6.814e+02 7.244e+02
    7.683e+02 8.111e+02 8.541e+02]
   [8.163e-03 4.155e+01 8.485e+01 1.286e+02 1.702e+02 2.120e+02
    2.551e+02 2.985e+02 3.407e+02 3.832e+02 4.246e+02 4.664e+02
    5.086e+02 5.503e+02 5.924e+02 6.345e+02 6.763e+02 7.183e+02
    7.607e+02 8.043e+02 8.497e+02]
   [7.978e-03 4.405e+01 8.611e+01 1.280e+02 1.701e+02 2.121e+02
    2.545e+02 2.965e+02 3.389e+02 3.810e+02 4.232e+02 4.656e+02
    5.085e+02 5.469e+02 5.850e+02 6.258e+02 6.632e+02 7.002e+02
    7.378e+02 7.752e+02 8.141e+02]
   [7.608e-03 3.717e+01 7.465e+01 1.144e+02 1.548e+02 1.961e+02
    2.367e+02 2.779e+02 3.186e+02 3.596e+02 3.997e+02 4.372e+02
    4.751e+02 5.128e+02 5.506e+02 5.884e+02 6.268e+02 6.658e+02
    7.039e+02 7.424e+02 7.795e+02]
   [7.677e-03 3.946e+01 7.954e+01 1.199e+02 1.602e+02 1.998e+02
    2.419e+02 2.812e+02 3.213e+02 3.610e+02 4.008e+02 4.410e+02
    4.858e+02 5.292e+02 5.735e+02 6.192e+02 6.634e+02 7.085e+02
    7.520e+02 7.952e+02 8.452e+02]
   [8.529e-03 4.266e+01 8.607e+01 1.314e+02 1.733e+02 2.169e+02
    2.593e+02 3.031e+02 3.484e+02 3.952e+02 4.380e+02 4.820e+02
    5.248e+02 5.715e+02 6.145e+02 6.590e+02 7.048e+02 7.548e+02
    8.039e+02 8.495e+02 8.911e+02]]

  [[8.045e-03 3.679e+01 7.455e+01 1.118e+02 1.488e+02 1.862e+02
    2.238e+02 2.604e+02 2.994e+02 3.371e+02 3.741e+02 4.113e+02
    4.515e+02 4.916e+02 5.304e+02 5.739e+02 6.139e+02 6.510e+02
    6.887e+02 7.273e+02 7.664e+02]
   [9.453e-03 3.910e+01 7.926e+01 1.220e+02 1.594e+02 1.991e+02
    2.390e+02 2.792e+02 3.185e+02 3.571e+02 3.973e+02 4.369e+02
    4.755e+02 5.141e+02 5.521e+02 5.894e+02 6.300e+02 6.668e+02
    7.042e+02 7.423e+02 7.790e+02]
   [8.132e-03 3.720e+01 7.395e+01 1.110e+02 1.484e+02 1.850e+02
    2.213e+02 2.589e+02 2.951e+02 3.313e+02 3.674e+02 4.039e+02
    4.412e+02 4.783e+02 5.158e+02 5.545e+02 5.910e+02 6.316e+02
    6.793e+02 7.173e+02 7.586e+02]
   [8.455e-03 3.970e+01 7.836e+01 1.158e+02 1.586e+02 1.970e+02
    2.429e+02 2.825e+02 3.254e+02 3.658e+02 4.085e+02 4.537e+02
    4.945e+02 5.429e+02 5.921e+02 6.363e+02 6.858e+02 7.290e+02
    7.751e+02 8.157e+02 8.582e+02]
   [7.777e-03 4.284e+01 8.603e+01 1.308e+02 1.783e+02 2.223e+02
    2.705e+02 3.165e+02 3.650e+02 4.121e+02 4.586e+02 5.066e+02
    5.518e+02 5.964e+02 6.425e+02 6.865e+02 7.326e+02 7.739e+02
    8.154e+02 8.577e+02 9.018e+02]
   [8.594e-03 4.530e+01 8.701e+01 1.292e+02 1.705e+02 2.112e+02
    2.520e+02 2.940e+02 3.380e+02 3.831e+02 4.275e+02 4.680e+02
    5.085e+02 5.521e+02 5.941e+02 6.379e+02 6.796e+02 7.217e+02
    7.621e+02 8.027e+02 8.436e+02]]

  [[8.198e-03 3.835e+01 7.610e+01 1.147e+02 1.523e+02 1.910e+02
    2.278e+02 2.652e+02 3.039e+02 3.424e+02 3.798e+02 4.171e+02
    4.560e+02 4.955e+02 5.328e+02 5.712e+02 6.083e+02 6.464e+02
    6.848e+02 7.224e+02 7.602e+02]
   [7.527e-03 4.035e+01 7.908e+01 1.169e+02 1.543e+02 1.915e+02
    2.292e+02 2.659e+02 3.028e+02 3.398e+02 3.799e+02 4.165e+02
    4.547e+02 4.920e+02 5.306e+02 5.673e+02 6.047e+02 6.457e+02
    6.835e+02 7.205e+02 7.587e+02]
   [1.021e-02 3.935e+01 7.632e+01 1.126e+02 1.497e+02 1.878e+02
    2.249e+02 2.611e+02 2.980e+02 3.351e+02 3.733e+02 4.099e+02
    4.468e+02 4.848e+02 5.216e+02 5.592e+02 5.953e+02 6.320e+02
    6.695e+02 7.060e+02 7.460e+02]
   [8.185e-03 4.032e+01 7.766e+01 1.156e+02 1.524e+02 1.905e+02
    2.286e+02 2.658e+02 3.035e+02 3.417e+02 3.785e+02 4.159e+02
    4.536e+02 4.915e+02 5.306e+02 5.682e+02 6.062e+02 6.438e+02
    6.814e+02 7.184e+02 7.561e+02]
   [8.135e-03 4.175e+01 8.284e+01 1.242e+02 1.677e+02 2.085e+02
    2.488e+02 2.883e+02 3.287e+02 3.694e+02 4.130e+02 4.584e+02
    4.990e+02 5.391e+02 5.811e+02 6.227e+02 6.640e+02 7.055e+02
    7.470e+02 7.878e+02 8.271e+02]
   [7.524e-03 4.046e+01 8.068e+01 1.215e+02 1.622e+02 2.029e+02
    2.447e+02 2.854e+02 3.262e+02 3.668e+02 4.079e+02 4.489e+02
    4.911e+02 5.337e+02 5.744e+02 6.162e+02 6.571e+02 6.996e+02
    7.399e+02 7.812e+02 8.227e+02]]

  [[9.616e-03 3.892e+01 7.691e+01 1.152e+02 1.537e+02 1.923e+02
    2.327e+02 2.710e+02 3.133e+02 3.519e+02 3.906e+02 4.298e+02
    4.684e+02 5.075e+02 5.458e+02 5.835e+02 6.212e+02 6.603e+02
    7.009e+02 7.407e+02 7.817e+02]
   [8.118e-03 4.001e+01 8.062e+01 1.206e+02 1.588e+02 1.967e+02
    2.343e+02 2.718e+02 3.096e+02 3.473e+02 3.835e+02 4.205e+02
    4.581e+02 4.949e+02 5.325e+02 5.699e+02 6.070e+02 6.445e+02
    6.809e+02 7.186e+02 7.569e+02]
   [8.137e-03 3.830e+01 7.593e+01 1.139e+02 1.517e+02 1.895e+02
    2.266e+02 2.633e+02 3.001e+02 3.385e+02 3.763e+02 4.144e+02
    4.516e+02 4.899e+02 5.268e+02 5.673e+02 6.039e+02 6.406e+02
    6.782e+02 7.147e+02 7.519e+02]
   [8.536e-03 3.753e+01 7.459e+01 1.115e+02 1.487e+02 1.859e+02
    2.230e+02 2.606e+02 2.982e+02 3.359e+02 3.725e+02 4.112e+02
    4.486e+02 4.889e+02 5.279e+02 5.675e+02 6.061e+02 6.451e+02
    6.856e+02 7.263e+02 7.649e+02]
   [7.276e-03 4.334e+01 8.528e+01 1.265e+02 1.671e+02 2.068e+02
    2.508e+02 2.926e+02 3.359e+02 3.794e+02 4.244e+02 4.682e+02
    5.126e+02 5.561e+02 5.975e+02 6.396e+02 6.797e+02 7.212e+02
    7.640e+02 8.047e+02 8.484e+02]
   [1.090e-02 4.243e+01 8.772e+01 1.287e+02 1.692e+02 2.116e+02
    2.536e+02 2.955e+02 3.377e+02 3.783e+02 4.198e+02 4.606e+02
    5.004e+02 5.410e+02 5.809e+02 6.248e+02 6.687e+02 7.134e+02
    7.567e+02 7.989e+02 8.431e+02]]]]
integrated cost: [[[[ 3.45   0.622  0.49   0.493  0.474  0.458  0.447  0.438  0.432
     0.427  0.424  0.421  0.418  0.416  0.414  0.413  0.412  0.41
     0.409  0.409  0.408]
   [ 3.45   0.446  0.382  0.371  0.366  0.365  0.364  0.363  0.362
     0.362  0.362  0.361  0.361  0.361  0.361  0.361  0.361  0.361
     0.361  0.361  0.361]
   [ 3.45   0.418  0.38   0.372  0.369  0.367  0.366  0.365  0.365
     0.365  0.364  0.364  0.364  0.364  0.364  0.364  0.364  0.364
     0.364  0.364  0.364]
   [ 3.45   0.376  0.352  0.345  0.342  0.34   0.339  0.338  0.338
     0.338  0.338  0.338  0.338  0.338  0.338  0.338  0.338  0.338
     0.338  0.338  0.338]
   [ 3.45   0.376  0.352  0.345  0.342  0.34   0.339  0.338  0.338
     0.338  0.338  0.338  0.338  0.338  0.338  0.338  0.338  0.338
     0.338  0.338  0.338]
   [ 3.45   0.376  0.352  0.345  0.342  0.34   0.339  0.338  0.338
     0.338  0.338  0.338  0.338  0.338  0.338  0.338  0.338  0.338
     0.338  0.338  0.338]]

  [[ 3.45   1.328  0.807  0.593  0.474  0.394  0.341  0.308  0.289
     0.277  0.267  0.26   0.255  0.251  0.249  0.247  0.246  0.243
     0.241  0.239  0.236]
   [ 3.45   0.706  0.463  0.357  0.311  0.288  0.276  0.267  0.261
     0.255  0.249  0.244  0.239  0.235  0.232  0.229  0.227  0.225
     0.223  0.221  0.22 ]
   [ 3.45   0.557  0.437  0.39   0.364  0.346  0.333  0.323  0.316
     0.309  0.305  0.301  0.297  0.294  0.292  0.29   0.288  0.287
     0.285  0.284  0.282]
   [ 3.45   0.51   0.426  0.405  0.396  0.39   0.386  0.384  0.382
     0.381  0.379  0.379  0.378  0.377  0.376  0.376  0.375  0.375
     0.374  0.374  0.374]
   [ 3.45   0.51   0.426  0.405  0.396  0.39   0.386  0.384  0.382
     0.381  0.379  0.379  0.378  0.377  0.376  0.376  0.375  0.375
     0.374  0.374  0.374]
   [ 3.45   0.51   0.426  0.405  0.396  0.39   0.386  0.384  0.382
     0.381  0.379  0.379  0.378  0.377  0.376  0.376  0.375  0.375
     0.374  0.374  0.374]]

  [[ 3.45   1.93   1.089  0.807  0.654  0.553  0.497  0.448  0.409
     0.377  0.351  0.329  0.31   0.293  0.279  0.267  0.257  0.248
     0.241  0.235  0.229]
   [ 3.45   0.875  0.523  0.408  0.368  0.349  0.335  0.324  0.316
     0.309  0.304  0.3    0.296  0.292  0.29   0.287  0.285  0.284
     0.282  0.281  0.279]
   [ 3.45   0.649  0.458  0.372  0.333  0.313  0.298  0.285  0.275
     0.267  0.26   0.255  0.251  0.249  0.247  0.245  0.244  0.243
     0.243  0.242  0.242]
   [ 3.45   0.535  0.424  0.391  0.378  0.371  0.366  0.363  0.36
     0.358  0.356  0.354  0.353  0.352  0.351  0.35   0.349  0.348
     0.347  0.347  0.346]
   [ 3.45   0.535  0.424  0.391  0.378  0.371  0.366  0.363  0.36
     0.358  0.356  0.354  0.353  0.352  0.351  0.35   0.349  0.348
     0.347  0.347  0.346]
   [ 3.45   0.535  0.424  0.391  0.378  0.371  0.366  0.363  0.36
     0.358  0.356  0.354  0.353  0.352  0.351  0.35   0.349  0.348
     0.347  0.347  0.346]]

  [[ 3.45   2.686  1.953  1.416  1.135  0.964  0.843  0.751  0.682
     0.626  0.578  0.537  0.5    0.468  0.438  0.412  0.39   0.37
     0.352  0.337  0.322]
   [ 3.45   1.332  0.819  0.636  0.534  0.47   0.423  0.389  0.362
     0.342  0.328  0.316  0.304  0.295  0.287  0.28   0.274  0.269
     0.265  0.262  0.258]
   [ 3.45   0.939  0.61   0.483  0.427  0.396  0.376  0.361  0.349
     0.34   0.332  0.326  0.322  0.317  0.314  0.311  0.309  0.307
     0.305  0.304  0.302]
   [ 3.45   0.653  0.495  0.442  0.412  0.392  0.378  0.366  0.355
     0.347  0.34   0.334  0.33   0.328  0.326  0.324  0.323  0.322
     0.322  0.321  0.321]
   [ 3.45   0.653  0.495  0.442  0.412  0.392  0.378  0.366  0.355
     0.347  0.34   0.334  0.33   0.328  0.326  0.324  0.323  0.322
     0.322  0.321  0.321]
   [ 3.45   0.653  0.495  0.442  0.412  0.392  0.378  0.366  0.355
     0.347  0.34   0.334  0.33   0.328  0.326  0.324  0.323  0.322
     0.322  0.321  0.321]]

  [[ 3.45   3.381  3.31   3.237  3.163  3.086  3.009  2.93   2.851
     2.771  2.691  2.611  2.532  2.454  2.377  2.301  2.228  2.156
     2.086  2.018  1.952]
   [ 3.45   3.172  2.87   2.567  2.285  2.036  1.821  1.649  1.517
     1.412  1.325  1.25   1.185  1.126  1.075  1.028  0.985  0.944
     0.907  0.874  0.844]
   [ 3.45   2.908  2.358  1.916  1.603  1.396  1.252  1.14   1.052
     0.977  0.913  0.858  0.812  0.771  0.736  0.705  0.677  0.652
     0.629  0.608  0.589]
   [ 3.45   1.722  1.288  1.095  0.977  0.897  0.837  0.789  0.75
     0.718  0.69   0.666  0.644  0.626  0.609  0.594  0.58   0.568
     0.556  0.546  0.536]
   [ 3.45   1.722  1.288  1.095  0.977  0.897  0.837  0.789  0.75
     0.718  0.69   0.666  0.644  0.626  0.609  0.594  0.58   0.568
     0.556  0.546  0.536]
   [ 3.45   1.722  1.288  1.095  0.977  0.897  0.837  0.789  0.75
     0.718  0.69   0.666  0.644  0.626  0.609  0.594  0.58   0.568
     0.556  0.546  0.536]]

  [[ 3.45   3.443  3.436  3.429  3.422  3.416  3.409  3.402  3.395
     3.388  3.381  3.374  3.367  3.36   3.353  3.346  3.339  3.332
     3.325  3.317  3.31 ]
   [ 3.45   3.424  3.397  3.37   3.343  3.315  3.288  3.259  3.231
     3.202  3.173  3.144  3.114  3.084  3.054  3.024  2.994  2.963
     2.933  2.902  2.872]
   [ 3.45   3.401  3.351  3.299  3.246  3.192  3.138  3.082  3.026
     2.969  2.911  2.854  2.797  2.739  2.683  2.626  2.571  2.516
     2.462  2.41   2.358]
   [ 3.45   3.253  3.038  2.814  2.597  2.396  2.217  2.061  1.926
     1.81   1.711  1.637  1.579  1.531  1.489  1.452  1.418  1.387
     1.358  1.33   1.304]
   [ 3.45   3.253  3.038  2.814  2.597  2.396  2.217  2.061  1.926
     1.81   1.711  1.637  1.579  1.531  1.489  1.452  1.418  1.387
     1.358  1.33   1.304]
   [ 3.45   3.253  3.038  2.814  2.597  2.396  2.217  2.061  1.926
     1.81   1.711  1.637  1.579  1.531  1.489  1.452  1.418  1.387
     1.358  1.33   1.304]]]


 [[[12.88   0.648  0.508  0.508  0.489  0.472  0.46   0.452  0.446
     0.441  0.437  0.434  0.431  0.429  0.427  0.426  0.425  0.423
     0.422  0.421  0.421]
   [12.88   0.467  0.401  0.388  0.384  0.382  0.38   0.379  0.379
     0.379  0.378  0.378  0.378  0.378  0.378  0.378  0.378  0.377
     0.377  0.377  0.377]
   [12.88   0.44   0.4    0.392  0.389  0.387  0.386  0.385  0.384
     0.384  0.384  0.383  0.383  0.383  0.383  0.383  0.383  0.383
     0.383  0.383  0.383]
   [12.88   0.396  0.371  0.364  0.361  0.359  0.358  0.357  0.357
     0.356  0.356  0.356  0.356  0.356  0.356  0.356  0.356  0.356
     0.356  0.356  0.356]
   [12.88   0.391  0.367  0.36   0.357  0.355  0.354  0.353  0.353
     0.352  0.352  0.352  0.352  0.352  0.352  0.352  0.352  0.352
     0.352  0.352  0.352]
   [12.88   0.391  0.367  0.36   0.357  0.355  0.354  0.353  0.353
     0.352  0.352  0.352  0.352  0.352  0.352  0.352  0.352  0.352
     0.352  0.352  0.352]]

  [[12.88   1.374  0.829  0.602  0.478  0.398  0.346  0.314  0.297
     0.285  0.276  0.27   0.265  0.262  0.26   0.259  0.258  0.255
     0.253  0.251  0.249]
   [12.88   0.734  0.473  0.362  0.314  0.291  0.278  0.269  0.263
     0.257  0.251  0.246  0.242  0.238  0.235  0.233  0.23   0.229
     0.227  0.226  0.224]
   [12.88   0.582  0.453  0.402  0.375  0.356  0.342  0.331  0.323
     0.316  0.311  0.307  0.304  0.301  0.298  0.296  0.294  0.293
     0.291  0.29   0.288]
   [12.88   0.527  0.442  0.422  0.413  0.407  0.403  0.401  0.399
     0.397  0.396  0.395  0.394  0.393  0.393  0.392  0.392  0.391
     0.391  0.39   0.39 ]
   [12.88   0.518  0.433  0.412  0.403  0.397  0.394  0.391  0.389
     0.388  0.387  0.386  0.385  0.384  0.383  0.383  0.382  0.382
     0.381  0.381  0.381]
   [12.88   0.518  0.433  0.412  0.403  0.397  0.394  0.391  0.389
     0.388  0.387  0.386  0.385  0.384  0.383  0.383  0.382  0.382
     0.381  0.381  0.381]]

  [[12.88   1.997  1.124  0.831  0.676  0.575  0.522  0.466  0.422
     0.388  0.362  0.342  0.324  0.309  0.296  0.286  0.276  0.268
     0.262  0.256  0.251]
   [12.88   0.904  0.525  0.417  0.384  0.369  0.357  0.346  0.338
     0.332  0.327  0.322  0.318  0.315  0.313  0.31   0.308  0.307
     0.305  0.304  0.302]
   [12.88   0.672  0.466  0.373  0.336  0.318  0.304  0.292  0.282
     0.274  0.268  0.263  0.26   0.257  0.255  0.254  0.253  0.252
     0.252  0.251  0.251]
   [12.88   0.547  0.436  0.403  0.39   0.383  0.378  0.375  0.372
     0.37   0.368  0.366  0.364  0.363  0.362  0.361  0.36   0.359
     0.359  0.358  0.357]
   [12.88   0.536  0.426  0.394  0.38   0.373  0.368  0.364  0.361
     0.358  0.356  0.354  0.353  0.351  0.35   0.349  0.348  0.348
     0.347  0.346  0.346]
   [12.88   0.536  0.426  0.394  0.38   0.373  0.368  0.364  0.361
     0.358  0.356  0.354  0.353  0.351  0.35   0.349  0.348  0.348
     0.347  0.346  0.346]]

  [[12.88   3.43   2.049  1.515  1.223  1.042  0.911  0.82   0.751
     0.695  0.647  0.606  0.57   0.538  0.509  0.484  0.462  0.443
     0.425  0.41   0.396]
   [12.88   1.362  0.84   0.659  0.559  0.493  0.445  0.408  0.379
     0.357  0.34   0.327  0.315  0.305  0.296  0.289  0.283  0.278
     0.274  0.27   0.266]
   [12.88   0.957  0.625  0.497  0.444  0.413  0.392  0.377  0.365
     0.355  0.348  0.342  0.337  0.333  0.329  0.327  0.324  0.322
     0.32   0.319  0.317]
   [12.88   0.659  0.5    0.446  0.415  0.395  0.38   0.368  0.359
     0.353  0.348  0.345  0.343  0.342  0.341  0.34   0.339  0.339
     0.339  0.338  0.338]
   [12.88   0.65   0.492  0.441  0.412  0.394  0.379  0.368  0.36
     0.354  0.35   0.347  0.345  0.343  0.342  0.341  0.341  0.34
     0.34   0.339  0.339]
   [12.88   0.65   0.492  0.441  0.412  0.394  0.379  0.368  0.36
     0.354  0.35   0.347  0.345  0.343  0.342  0.341  0.341  0.34
     0.34   0.339  0.339]]

  [[12.88  12.596 12.213 11.623 10.351  6.894  5.359  4.612  4.118
     3.752  3.465  3.23   3.032  2.863  2.716  2.588  2.474  2.373
     2.281  2.197  2.121]
   [12.88   6.694  3.707  2.867  2.403  2.095  1.871  1.699  1.561
     1.449  1.354  1.274  1.203  1.142  1.087  1.039  0.995  0.955
     0.919  0.886  0.856]
   [12.88   3.81   2.472  1.944  1.633  1.425  1.273  1.157  1.064
     0.988  0.924  0.87   0.823  0.782  0.746  0.714  0.685  0.66
     0.636  0.615  0.596]
   [12.88   1.696  1.284  1.103  0.986  0.902  0.837  0.785  0.744
     0.713  0.688  0.667  0.649  0.634  0.619  0.606  0.594  0.582
     0.57   0.559  0.549]
   [12.88   1.692  1.29   1.113  0.999  0.916  0.851  0.799  0.756
     0.722  0.696  0.674  0.655  0.639  0.625  0.612  0.599  0.588
     0.577  0.566  0.556]
   [12.88   1.692  1.29   1.113  0.999  0.916  0.851  0.799  0.756
     0.722  0.696  0.674  0.655  0.639  0.625  0.612  0.599  0.588
     0.577  0.566  0.556]]

  [[12.88  12.855 12.829 12.803 12.776 12.748 12.719 12.69  12.66
    12.63  12.598 12.565 12.532 12.497 12.462 12.425 12.387 12.347
    12.306 12.263 12.219]
   [12.88  12.748 12.598 12.423 12.213 11.949 11.598 11.074 10.125
     8.286  6.839  6.053  5.535  5.15   4.844  4.591  4.376  4.19
     4.026  3.88   3.749]
   [12.88  12.612 12.248 11.679 10.42   7.183  5.715  4.982  4.496
     4.136  3.852  3.621  3.427  3.261  3.116  2.988  2.873  2.77
     2.677  2.591  2.513]
   [12.88   6.116  3.751  3.017  2.615  2.349  2.159  2.016  1.905
     1.815  1.74   1.675  1.619  1.569  1.524  1.484  1.447  1.413
     1.381  1.352  1.324]
   [12.88   6.11   3.752  3.02   2.62   2.356  2.167  2.026  1.917
     1.829  1.755  1.692  1.636  1.586  1.541  1.501  1.464  1.43
     1.398  1.369  1.341]
   [12.88   6.11   3.752  3.02   2.62   2.356  2.167  2.026  1.917
     1.829  1.755  1.692  1.636  1.586  1.541  1.501  1.464  1.43
     1.398  1.369  1.341]]]


 [[[22.971  0.648  0.508  0.508  0.489  0.472  0.46   0.452  0.446
     0.441  0.437  0.434  0.431  0.429  0.427  0.426  0.425  0.423
     0.422  0.421  0.421]
   [22.971  0.467  0.401  0.388  0.384  0.382  0.38   0.379  0.379
     0.379  0.378  0.378  0.378  0.378  0.378  0.378  0.378  0.377
     0.377  0.377  0.377]
   [22.971  0.44   0.4    0.392  0.389  0.387  0.386  0.385  0.384
     0.384  0.384  0.383  0.383  0.383  0.383  0.383  0.383  0.383
     0.383  0.383  0.383]
   [22.971  0.396  0.371  0.364  0.361  0.359  0.358  0.357  0.357
     0.356  0.356  0.356  0.356  0.356  0.356  0.356  0.356  0.356
     0.356  0.356  0.356]
   [22.971  0.391  0.367  0.36   0.357  0.355  0.354  0.353  0.353
     0.353  0.352  0.352  0.352  0.352  0.352  0.352  0.352  0.352
     0.352  0.352  0.352]
   [22.971  0.391  0.367  0.36   0.357  0.355  0.354  0.353  0.353
     0.353  0.352  0.352  0.352  0.352  0.352  0.352  0.352  0.352
     0.352  0.352  0.352]]

  [[22.971  1.374  0.829  0.602  0.478  0.398  0.346  0.314  0.297
     0.285  0.276  0.27   0.265  0.262  0.26   0.259  0.258  0.256
     0.253  0.251  0.249]
   [22.971  0.734  0.474  0.362  0.314  0.291  0.278  0.269  0.263
     0.257  0.251  0.246  0.242  0.238  0.235  0.233  0.23   0.229
     0.227  0.226  0.224]
   [22.971  0.582  0.453  0.402  0.375  0.356  0.342  0.331  0.323
     0.316  0.311  0.307  0.304  0.301  0.298  0.296  0.294  0.293
     0.291  0.29   0.288]
   [22.971  0.527  0.442  0.422  0.413  0.407  0.403  0.401  0.399
     0.397  0.396  0.395  0.394  0.393  0.393  0.392  0.392  0.391
     0.391  0.39   0.39 ]
   [22.971  0.518  0.433  0.412  0.403  0.397  0.394  0.391  0.389
     0.388  0.387  0.386  0.385  0.384  0.383  0.383  0.382  0.382
     0.381  0.381  0.381]
   [22.971  0.518  0.433  0.412  0.403  0.397  0.394  0.391  0.389
     0.388  0.387  0.386  0.385  0.384  0.383  0.383  0.382  0.382
     0.381  0.381  0.381]]

  [[22.971  1.997  1.124  0.831  0.676  0.575  0.522  0.466  0.422
     0.388  0.362  0.342  0.324  0.309  0.296  0.286  0.276  0.268
     0.262  0.256  0.251]
   [22.971  0.904  0.525  0.417  0.384  0.369  0.357  0.346  0.338
     0.332  0.327  0.322  0.318  0.315  0.313  0.31   0.308  0.307
     0.305  0.304  0.302]
   [22.971  0.672  0.466  0.373  0.336  0.318  0.304  0.292  0.282
     0.274  0.268  0.263  0.26   0.257  0.255  0.254  0.253  0.252
     0.252  0.251  0.251]
   [22.971  0.547  0.436  0.403  0.39   0.383  0.378  0.375  0.372
     0.37   0.368  0.366  0.364  0.363  0.362  0.361  0.36   0.359
     0.359  0.358  0.357]
   [22.971  0.536  0.426  0.394  0.38   0.373  0.368  0.364  0.361
     0.358  0.356  0.354  0.353  0.351  0.35   0.349  0.348  0.348
     0.347  0.346  0.346]
   [22.971  0.536  0.426  0.394  0.38   0.373  0.368  0.364  0.361
     0.358  0.356  0.354  0.353  0.351  0.35   0.349  0.348  0.348
     0.347  0.346  0.346]]

  [[22.971  3.431  2.05   1.515  1.224  1.042  0.912  0.82   0.751
     0.695  0.647  0.606  0.57   0.538  0.509  0.485  0.463  0.443
     0.426  0.411  0.396]
   [22.971  1.362  0.84   0.659  0.559  0.493  0.445  0.408  0.379
     0.357  0.34   0.327  0.315  0.305  0.296  0.289  0.283  0.278
     0.274  0.27   0.266]
   [22.971  0.957  0.625  0.497  0.444  0.413  0.392  0.377  0.365
     0.355  0.348  0.342  0.337  0.333  0.329  0.327  0.324  0.322
     0.32   0.319  0.317]
   [22.971  0.659  0.5    0.446  0.415  0.395  0.38   0.368  0.359
     0.353  0.348  0.345  0.343  0.342  0.341  0.34   0.339  0.339
     0.339  0.338  0.338]
   [22.971  0.65   0.492  0.441  0.412  0.394  0.379  0.368  0.36
     0.354  0.35   0.347  0.345  0.343  0.342  0.341  0.341  0.34
     0.34   0.339  0.339]
   [22.971  0.65   0.492  0.441  0.412  0.394  0.379  0.368  0.36
     0.354  0.35   0.347  0.345  0.343  0.342  0.341  0.341  0.34
     0.34   0.339  0.339]]

  [[22.971 22.676 22.282 21.678 20.263  6.965  5.419  4.656  4.144
     3.774  3.484  3.248  3.051  2.881  2.734  2.606  2.493  2.391
     2.299  2.215  2.139]
   [22.971  6.697  3.711  2.871  2.406  2.098  1.874  1.702  1.564
     1.452  1.357  1.277  1.206  1.145  1.09   1.042  0.998  0.958
     0.922  0.889  0.858]
   [22.971  3.81   2.472  1.944  1.633  1.425  1.273  1.157  1.064
     0.988  0.924  0.87   0.823  0.782  0.746  0.714  0.686  0.66
     0.636  0.615  0.596]
   [22.971  1.696  1.284  1.103  0.986  0.902  0.837  0.785  0.744
     0.713  0.688  0.667  0.649  0.634  0.619  0.606  0.594  0.582
     0.57   0.559  0.549]
   [22.971  1.692  1.29   1.113  0.999  0.916  0.851  0.799  0.756
     0.722  0.696  0.674  0.655  0.639  0.625  0.612  0.599  0.588
     0.577  0.566  0.556]
   [22.971  1.692  1.29   1.113  0.999  0.916  0.851  0.799  0.756
     0.722  0.696  0.674  0.655  0.639  0.625  0.612  0.599  0.588
     0.577  0.566  0.556]]

  [[22.971 22.945 22.918 22.89  22.862 22.833 22.804 22.773 22.742
    22.71  22.678 22.644 22.609 22.574 22.537 22.499 22.459 22.419
    22.377 22.333 22.288]
   [22.971 22.824 22.659 22.468 22.241 21.96  21.585 21.008 19.633
     8.56   6.93   6.123  5.588  5.187  4.869  4.606  4.385  4.196
     4.031  3.885  3.753]
   [22.971 22.676 22.285 21.681 20.157  7.264  5.765  5.007  4.507
     4.14   3.856  3.625  3.431  3.264  3.119  2.991  2.877  2.774
     2.68   2.595  2.517]
   [22.971  6.111  3.753  3.016  2.616  2.35   2.16   2.017  1.905
     1.815  1.74   1.676  1.619  1.569  1.525  1.484  1.447  1.413
     1.381  1.352  1.325]
   [22.971  6.104  3.756  3.018  2.621  2.357  2.167  2.026  1.917
     1.829  1.755  1.692  1.636  1.586  1.542  1.502  1.465  1.431
     1.399  1.369  1.342]
   [22.971  6.104  3.756  3.018  2.621  2.357  2.167  2.026  1.917
     1.829  1.755  1.692  1.636  1.586  1.542  1.502  1.465  1.431
     1.399  1.369  1.342]]]


 [[[33.058  0.648  0.508  0.508  0.489  0.472  0.46   0.452  0.446
     0.441  0.437  0.434  0.431  0.429  0.427  0.426  0.425  0.423
     0.422  0.421  0.421]
   [33.058  0.467  0.401  0.388  0.384  0.382  0.38   0.379  0.379
     0.379  0.378  0.378  0.378  0.378  0.378  0.378  0.378  0.377
     0.377  0.377  0.377]
   [33.058  0.44   0.4    0.392  0.389  0.387  0.386  0.385  0.384
     0.384  0.384  0.383  0.383  0.383  0.383  0.383  0.383  0.383
     0.383  0.383  0.383]
   [33.058  0.396  0.371  0.364  0.361  0.359  0.358  0.357  0.357
     0.356  0.356  0.356  0.356  0.356  0.356  0.356  0.356  0.356
     0.356  0.356  0.356]
   [33.058  0.391  0.367  0.36   0.357  0.355  0.354  0.353  0.353
     0.353  0.352  0.352  0.352  0.352  0.352  0.352  0.352  0.352
     0.352  0.352  0.352]
   [33.058  0.391  0.367  0.36   0.357  0.355  0.354  0.353  0.353
     0.353  0.352  0.352  0.352  0.352  0.352  0.352  0.352  0.352
     0.352  0.352  0.352]]

  [[33.058  1.374  0.829  0.602  0.478  0.398  0.346  0.314  0.297
     0.285  0.276  0.27   0.265  0.262  0.26   0.259  0.258  0.256
     0.253  0.251  0.249]
   [33.058  0.734  0.474  0.362  0.314  0.291  0.278  0.269  0.263
     0.257  0.251  0.246  0.242  0.238  0.235  0.233  0.23   0.229
     0.227  0.226  0.224]
   [33.058  0.582  0.453  0.402  0.375  0.356  0.342  0.331  0.323
     0.316  0.311  0.307  0.304  0.301  0.298  0.296  0.294  0.293
     0.291  0.29   0.288]
   [33.058  0.527  0.442  0.422  0.413  0.407  0.403  0.401  0.399
     0.397  0.396  0.395  0.394  0.393  0.393  0.392  0.392  0.391
     0.391  0.39   0.39 ]
   [33.058  0.518  0.433  0.412  0.403  0.397  0.394  0.391  0.389
     0.388  0.387  0.386  0.385  0.384  0.383  0.383  0.382  0.382
     0.381  0.381  0.381]
   [33.058  0.518  0.433  0.412  0.403  0.397  0.394  0.391  0.389
     0.388  0.387  0.386  0.385  0.384  0.383  0.383  0.382  0.382
     0.381  0.381  0.381]]

  [[33.058  1.997  1.124  0.831  0.676  0.575  0.522  0.466  0.422
     0.388  0.362  0.342  0.324  0.309  0.296  0.286  0.276  0.268
     0.262  0.256  0.251]
   [33.058  0.904  0.525  0.417  0.384  0.369  0.357  0.346  0.338
     0.332  0.327  0.322  0.318  0.315  0.313  0.31   0.308  0.307
     0.305  0.304  0.302]
   [33.058  0.672  0.466  0.373  0.336  0.318  0.304  0.292  0.282
     0.274  0.268  0.263  0.26   0.257  0.255  0.254  0.253  0.252
     0.252  0.251  0.251]
   [33.058  0.547  0.436  0.403  0.39   0.383  0.378  0.375  0.372
     0.37   0.368  0.366  0.364  0.363  0.362  0.361  0.36   0.359
     0.359  0.358  0.357]
   [33.058  0.536  0.426  0.394  0.38   0.373  0.368  0.364  0.361
     0.358  0.356  0.354  0.353  0.351  0.35   0.349  0.348  0.348
     0.347  0.346  0.346]
   [33.058  0.536  0.426  0.394  0.38   0.373  0.368  0.364  0.361
     0.358  0.356  0.354  0.353  0.351  0.35   0.349  0.348  0.348
     0.347  0.346  0.346]]

  [[33.058  3.431  2.05   1.515  1.224  1.042  0.912  0.82   0.751
     0.695  0.647  0.606  0.57   0.538  0.509  0.485  0.463  0.443
     0.426  0.411  0.396]
   [33.058  1.362  0.84   0.659  0.559  0.493  0.445  0.408  0.379
     0.357  0.34   0.327  0.315  0.305  0.296  0.289  0.283  0.278
     0.274  0.27   0.266]
   [33.058  0.957  0.625  0.497  0.444  0.413  0.392  0.377  0.365
     0.355  0.348  0.342  0.337  0.333  0.329  0.327  0.324  0.322
     0.32   0.319  0.317]
   [33.058  0.659  0.5    0.446  0.415  0.395  0.38   0.368  0.359
     0.353  0.348  0.345  0.343  0.342  0.341  0.34   0.339  0.339
     0.339  0.338  0.338]
   [33.058  0.65   0.492  0.441  0.412  0.394  0.379  0.368  0.36
     0.354  0.35   0.347  0.345  0.343  0.342  0.341  0.341  0.34
     0.34   0.339  0.339]
   [33.058  0.65   0.492  0.441  0.412  0.394  0.379  0.368  0.36
     0.354  0.35   0.347  0.345  0.343  0.342  0.341  0.341  0.34
     0.34   0.339  0.339]]

  [[33.058 32.749 32.342 31.725 30.297  7.031  5.474  4.7    4.167
     3.795  3.505  3.269  3.072  2.902  2.755  2.627  2.513  2.412
     2.32   2.236  2.16 ]
   [33.058  6.697  3.711  2.871  2.406  2.098  1.874  1.702  1.564
     1.452  1.357  1.277  1.206  1.145  1.09   1.042  0.998  0.958
     0.922  0.889  0.858]
   [33.058  3.81   2.472  1.944  1.633  1.425  1.273  1.157  1.064
     0.988  0.924  0.87   0.823  0.782  0.746  0.714  0.686  0.66
     0.636  0.615  0.596]
   [33.058  1.696  1.284  1.103  0.986  0.902  0.837  0.785  0.744
     0.713  0.688  0.667  0.649  0.634  0.619  0.606  0.594  0.582
     0.57   0.559  0.549]
   [33.058  1.692  1.29   1.113  0.999  0.916  0.851  0.799  0.756
     0.722  0.696  0.674  0.655  0.639  0.625  0.612  0.599  0.588
     0.577  0.566  0.556]
   [33.058  1.692  1.29   1.113  0.999  0.916  0.851  0.799  0.756
     0.722  0.696  0.674  0.655  0.639  0.625  0.612  0.599  0.588
     0.577  0.566  0.556]]

  [[33.058 33.03  33.002 32.973 32.943 32.913 32.882 32.851 32.818
    32.785 32.751 32.716 32.68  32.643 32.605 32.565 32.525 32.483
    32.439 32.394 32.348]
   [33.058 32.894 32.712 32.505 32.261 31.962 31.569 30.975 29.585
     8.637  6.997  6.181  5.636  5.226  4.898  4.626  4.395  4.197
     4.032  3.885  3.754]
   [33.058 32.734 32.312 31.678 30.124  7.323  5.81   5.037  4.518
     4.142  3.858  3.627  3.433  3.266  3.121  2.993  2.879  2.776
     2.682  2.597  2.519]
   [33.058  6.111  3.753  3.016  2.616  2.35   2.16   2.017  1.905
     1.815  1.74   1.676  1.619  1.569  1.525  1.484  1.447  1.413
     1.381  1.352  1.325]
   [33.058  6.104  3.756  3.018  2.621  2.357  2.167  2.026  1.917
     1.829  1.755  1.692  1.636  1.586  1.542  1.502  1.465  1.431
     1.399  1.369  1.342]
   [33.058  6.104  3.756  3.018  2.621  2.357  2.167  2.026  1.917
     1.829  1.755  1.692  1.636  1.586  1.542  1.502  1.465  1.431
     1.399  1.369  1.342]]]


 [[[43.145  0.648  0.508  0.508  0.489  0.472  0.46   0.452  0.446
     0.441  0.437  0.434  0.431  0.429  0.427  0.426  0.425  0.423
     0.422  0.421  0.421]
   [43.145  0.467  0.401  0.388  0.384  0.382  0.38   0.379  0.379
     0.379  0.378  0.378  0.378  0.378  0.378  0.378  0.378  0.377
     0.377  0.377  0.377]
   [43.145  0.44   0.4    0.392  0.389  0.387  0.386  0.385  0.384
     0.384  0.384  0.383  0.383  0.383  0.383  0.383  0.383  0.383
     0.383  0.383  0.383]
   [43.145  0.396  0.371  0.364  0.361  0.359  0.358  0.357  0.357
     0.356  0.356  0.356  0.356  0.356  0.356  0.356  0.356  0.356
     0.356  0.356  0.356]
   [43.145  0.391  0.367  0.36   0.357  0.355  0.354  0.353  0.353
     0.353  0.352  0.352  0.352  0.352  0.352  0.352  0.352  0.352
     0.352  0.352  0.352]
   [43.145  0.391  0.367  0.36   0.357  0.355  0.354  0.353  0.353
     0.353  0.352  0.352  0.352  0.352  0.352  0.352  0.352  0.352
     0.352  0.352  0.352]]

  [[43.145  1.374  0.829  0.602  0.478  0.398  0.346  0.314  0.297
     0.285  0.276  0.27   0.265  0.262  0.26   0.259  0.258  0.256
     0.253  0.251  0.249]
   [43.145  0.734  0.474  0.362  0.314  0.291  0.278  0.269  0.263
     0.257  0.251  0.246  0.242  0.238  0.235  0.233  0.23   0.229
     0.227  0.226  0.224]
   [43.145  0.582  0.453  0.402  0.375  0.356  0.342  0.331  0.323
     0.316  0.311  0.307  0.304  0.301  0.298  0.296  0.294  0.293
     0.291  0.29   0.288]
   [43.145  0.527  0.442  0.422  0.413  0.407  0.403  0.401  0.399
     0.397  0.396  0.395  0.394  0.393  0.393  0.392  0.392  0.391
     0.391  0.39   0.39 ]
   [43.145  0.518  0.433  0.412  0.403  0.397  0.394  0.391  0.389
     0.388  0.387  0.386  0.385  0.384  0.383  0.383  0.382  0.382
     0.381  0.381  0.381]
   [43.145  0.518  0.433  0.412  0.403  0.397  0.394  0.391  0.389
     0.388  0.387  0.386  0.385  0.384  0.383  0.383  0.382  0.382
     0.381  0.381  0.381]]

  [[43.145  1.997  1.124  0.831  0.676  0.575  0.522  0.466  0.422
     0.388  0.362  0.342  0.324  0.309  0.296  0.286  0.276  0.268
     0.262  0.256  0.251]
   [43.145  0.904  0.525  0.417  0.384  0.369  0.357  0.346  0.338
     0.332  0.327  0.322  0.318  0.315  0.313  0.31   0.308  0.307
     0.305  0.304  0.302]
   [43.145  0.672  0.466  0.373  0.336  0.318  0.304  0.292  0.282
     0.274  0.268  0.263  0.26   0.257  0.255  0.254  0.253  0.252
     0.252  0.251  0.251]
   [43.145  0.547  0.436  0.403  0.39   0.383  0.378  0.375  0.372
     0.37   0.368  0.366  0.364  0.363  0.362  0.361  0.36   0.359
     0.359  0.358  0.357]
   [43.145  0.536  0.426  0.394  0.38   0.373  0.368  0.364  0.361
     0.358  0.356  0.354  0.353  0.351  0.35   0.349  0.348  0.348
     0.347  0.346  0.346]
   [43.145  0.536  0.426  0.394  0.38   0.373  0.368  0.364  0.361
     0.358  0.356  0.354  0.353  0.351  0.35   0.349  0.348  0.348
     0.347  0.346  0.346]]

  [[43.145  3.431  2.05   1.515  1.224  1.042  0.912  0.82   0.751
     0.695  0.647  0.606  0.57   0.538  0.509  0.485  0.463  0.443
     0.426  0.411  0.396]
   [43.145  1.362  0.84   0.659  0.559  0.493  0.445  0.408  0.379
     0.357  0.34   0.327  0.315  0.305  0.296  0.289  0.283  0.278
     0.274  0.27   0.266]
   [43.145  0.957  0.625  0.497  0.444  0.413  0.392  0.377  0.365
     0.355  0.348  0.342  0.337  0.333  0.329  0.327  0.324  0.322
     0.32   0.319  0.317]
   [43.145  0.659  0.5    0.446  0.415  0.395  0.38   0.368  0.359
     0.353  0.348  0.345  0.343  0.342  0.341  0.34   0.339  0.339
     0.339  0.338  0.338]
   [43.145  0.65   0.492  0.441  0.412  0.394  0.379  0.368  0.36
     0.354  0.35   0.347  0.345  0.343  0.342  0.341  0.341  0.34
     0.34   0.339  0.339]
   [43.145  0.65   0.492  0.441  0.412  0.394  0.379  0.368  0.36
     0.354  0.35   0.347  0.345  0.343  0.342  0.341  0.341  0.34
     0.34   0.339  0.339]]

  [[43.145 42.822 42.402 41.771 40.33   7.098  5.53   4.744  4.189
     3.816  3.526  3.29   3.093  2.923  2.776  2.647  2.534  2.433
     2.341  2.257  2.18 ]
   [43.145  6.697  3.711  2.871  2.406  2.098  1.874  1.702  1.564
     1.452  1.357  1.277  1.206  1.145  1.09   1.042  0.998  0.958
     0.922  0.889  0.858]
   [43.145  3.81   2.472  1.944  1.633  1.425  1.273  1.157  1.064
     0.988  0.924  0.87   0.823  0.782  0.746  0.714  0.686  0.66
     0.636  0.615  0.596]
   [43.145  1.696  1.284  1.103  0.986  0.902  0.837  0.785  0.744
     0.713  0.688  0.667  0.649  0.634  0.619  0.606  0.594  0.582
     0.57   0.559  0.549]
   [43.145  1.692  1.29   1.113  0.999  0.916  0.851  0.799  0.756
     0.722  0.696  0.674  0.655  0.639  0.625  0.612  0.599  0.588
     0.577  0.566  0.556]
   [43.145  1.692  1.29   1.113  0.999  0.916  0.851  0.799  0.756
     0.722  0.696  0.674  0.655  0.639  0.625  0.612  0.599  0.588
     0.577  0.566  0.556]]

  [[43.145 43.115 43.086 43.056 43.025 42.993 42.961 42.928 42.894
    42.86  42.824 42.788 42.75  42.712 42.673 42.632 42.59  42.547
    42.502 42.456 42.407]
   [43.145 42.965 42.766 42.541 42.281 41.965 41.554 40.941 39.534
     8.713  7.064  6.238  5.684  5.265  4.927  4.646  4.405  4.198
     4.033  3.886  3.755]
   [43.145 42.792 42.34  41.675 40.089  7.382  5.855  5.067  4.529
     4.145  3.86   3.629  3.435  3.268  3.123  2.995  2.881  2.778
     2.684  2.599  2.521]
   [43.145  6.111  3.753  3.016  2.616  2.35   2.16   2.017  1.905
     1.815  1.74   1.676  1.619  1.569  1.525  1.484  1.447  1.413
     1.381  1.352  1.325]
   [43.145  6.104  3.756  3.018  2.621  2.357  2.167  2.026  1.917
     1.829  1.755  1.692  1.636  1.586  1.542  1.502  1.465  1.431
     1.399  1.369  1.342]
   [43.145  6.104  3.756  3.018  2.621  2.357  2.167  2.026  1.917
     1.829  1.755  1.692  1.636  1.586  1.542  1.502  1.465  1.431
     1.399  1.369  1.342]]]


 [[[88.535  0.648  0.508  0.508  0.489  0.472  0.46   0.452  0.446
     0.441  0.437  0.434  0.431  0.429  0.427  0.426  0.425  0.423
     0.422  0.421  0.421]
   [88.535  0.467  0.401  0.388  0.384  0.382  0.38   0.379  0.379
     0.379  0.378  0.378  0.378  0.378  0.378  0.378  0.378  0.377
     0.377  0.377  0.377]
   [88.535  0.44   0.4    0.392  0.389  0.387  0.386  0.385  0.384
     0.384  0.384  0.383  0.383  0.383  0.383  0.383  0.383  0.383
     0.383  0.383  0.383]
   [88.535  0.396  0.371  0.364  0.361  0.359  0.358  0.357  0.357
     0.356  0.356  0.356  0.356  0.356  0.356  0.356  0.356  0.356
     0.356  0.356  0.356]
   [88.535  0.391  0.367  0.36   0.357  0.355  0.354  0.353  0.353
     0.353  0.352  0.352  0.352  0.352  0.352  0.352  0.352  0.352
     0.352  0.352  0.352]
   [88.535  0.391  0.367  0.36   0.357  0.355  0.354  0.353  0.353
     0.353  0.352  0.352  0.352  0.352  0.352  0.352  0.352  0.352
     0.352  0.352  0.352]]

  [[88.535  1.374  0.829  0.602  0.478  0.398  0.346  0.314  0.297
     0.285  0.276  0.27   0.265  0.262  0.26   0.259  0.258  0.256
     0.253  0.251  0.249]
   [88.535  0.734  0.474  0.362  0.314  0.291  0.278  0.269  0.263
     0.257  0.251  0.246  0.242  0.238  0.235  0.233  0.23   0.229
     0.227  0.226  0.224]
   [88.535  0.582  0.453  0.402  0.375  0.356  0.342  0.331  0.323
     0.316  0.311  0.307  0.304  0.301  0.298  0.296  0.294  0.293
     0.291  0.29   0.288]
   [88.535  0.527  0.442  0.422  0.413  0.407  0.403  0.401  0.399
     0.397  0.396  0.395  0.394  0.393  0.393  0.392  0.392  0.391
     0.391  0.39   0.39 ]
   [88.535  0.518  0.433  0.412  0.403  0.397  0.394  0.391  0.389
     0.388  0.387  0.386  0.385  0.384  0.383  0.383  0.382  0.382
     0.381  0.381  0.381]
   [88.535  0.518  0.433  0.412  0.403  0.397  0.394  0.391  0.389
     0.388  0.387  0.386  0.385  0.384  0.383  0.383  0.382  0.382
     0.381  0.381  0.381]]

  [[88.535  1.997  1.124  0.831  0.676  0.575  0.522  0.466  0.422
     0.388  0.362  0.342  0.324  0.309  0.296  0.286  0.276  0.268
     0.262  0.256  0.251]
   [88.535  0.904  0.525  0.417  0.384  0.369  0.357  0.346  0.338
     0.332  0.327  0.322  0.318  0.315  0.313  0.31   0.308  0.307
     0.305  0.304  0.302]
   [88.535  0.672  0.466  0.373  0.336  0.318  0.304  0.292  0.282
     0.274  0.268  0.263  0.26   0.257  0.255  0.254  0.253  0.252
     0.252  0.251  0.251]
   [88.535  0.547  0.436  0.403  0.39   0.383  0.378  0.375  0.372
     0.37   0.368  0.366  0.364  0.363  0.362  0.361  0.36   0.359
     0.359  0.358  0.357]
   [88.535  0.536  0.426  0.394  0.38   0.373  0.368  0.364  0.361
     0.358  0.356  0.354  0.353  0.351  0.35   0.349  0.348  0.348
     0.347  0.346  0.346]
   [88.535  0.536  0.426  0.394  0.38   0.373  0.368  0.364  0.361
     0.358  0.356  0.354  0.353  0.351  0.35   0.349  0.348  0.348
     0.347  0.346  0.346]]

  [[88.535  3.431  2.05   1.515  1.224  1.042  0.912  0.82   0.751
     0.695  0.647  0.606  0.57   0.538  0.509  0.485  0.463  0.443
     0.426  0.411  0.396]
   [88.535  1.362  0.84   0.659  0.559  0.493  0.445  0.408  0.379
     0.357  0.34   0.327  0.315  0.305  0.296  0.289  0.283  0.278
     0.274  0.27   0.266]
   [88.535  0.957  0.625  0.497  0.444  0.413  0.392  0.377  0.365
     0.355  0.348  0.342  0.337  0.333  0.329  0.327  0.324  0.322
     0.32   0.319  0.317]
   [88.535  0.659  0.5    0.446  0.415  0.395  0.38   0.368  0.359
     0.353  0.348  0.345  0.343  0.342  0.341  0.34   0.339  0.339
     0.339  0.338  0.338]
   [88.535  0.65   0.492  0.441  0.412  0.394  0.379  0.368  0.36
     0.354  0.35   0.347  0.345  0.343  0.342  0.341  0.341  0.34
     0.34   0.339  0.339]
   [88.535  0.65   0.492  0.441  0.412  0.394  0.379  0.368  0.36
     0.354  0.35   0.347  0.345  0.343  0.342  0.341  0.341  0.34
     0.34   0.339  0.339]]

  [[88.535 88.152 87.671 86.981 85.48   7.397  5.78   4.943  4.291
     3.91   3.619  3.384  3.186  3.017  2.87   2.741  2.628  2.526
     2.434  2.351  2.274]
   [88.535  6.697  3.711  2.871  2.406  2.098  1.874  1.702  1.564
     1.452  1.357  1.277  1.206  1.145  1.09   1.042  0.998  0.958
     0.922  0.889  0.858]
   [88.535  3.81   2.472  1.944  1.633  1.425  1.273  1.157  1.064
     0.988  0.924  0.87   0.823  0.782  0.746  0.714  0.686  0.66
     0.636  0.615  0.596]
   [88.535  1.696  1.284  1.103  0.986  0.902  0.837  0.785  0.744
     0.713  0.688  0.667  0.649  0.634  0.619  0.606  0.594  0.582
     0.57   0.559  0.549]
   [88.535  1.692  1.29   1.113  0.999  0.916  0.851  0.799  0.756
     0.722  0.696  0.674  0.655  0.639  0.625  0.612  0.599  0.588
     0.577  0.566  0.556]
   [88.535  1.692  1.29   1.113  0.999  0.916  0.851  0.799  0.756
     0.722  0.696  0.674  0.655  0.639  0.625  0.612  0.599  0.588
     0.577  0.566  0.556]]

  [[88.535 88.5   88.464 88.428 88.391 88.353 88.315 88.276 88.236
    88.196 88.154 88.112 88.068 88.024 87.978 87.932 87.884 87.834
    87.784 87.731 87.677]
   [88.535 88.281 88.008 87.707 87.369 86.975 86.485 85.792 84.302
     9.056  7.365  6.498  5.901  5.439  5.059  4.734  4.45   4.203
     4.036  3.89   3.759]
   [88.535 88.052 87.466 86.661 84.932  7.649  6.057  5.205  4.577
     4.156  3.869  3.638  3.444  3.277  3.132  3.004  2.89   2.787
     2.693  2.608  2.53 ]
   [88.535  6.111  3.753  3.016  2.616  2.35   2.16   2.017  1.905
     1.815  1.74   1.676  1.619  1.569  1.525  1.484  1.447  1.413
     1.381  1.352  1.325]
   [88.535  6.104  3.756  3.018  2.621  2.357  2.167  2.026  1.917
     1.829  1.755  1.692  1.636  1.586  1.542  1.502  1.465  1.431
     1.399  1.369  1.342]
   [88.535  6.104  3.756  3.018  2.621  2.357  2.167  2.026  1.917
     1.829  1.755  1.692  1.636  1.586  1.542  1.502  1.465  1.431
     1.399  1.369  1.342]]]]
